offset	patchsize	gop	quality	video.zip	builder.gz
------	---------	---	-------	---------	-----------
0	4	3	0,005	1003998	27355	
0	4	3	0,010	1003951	53783	
0	4	3	0,015	1003763	70461	
0	4	3	0,020	1003573	84288	
0	4	3	0,025	1003272	98577	
0	4	4	0,005	1003896	26684	
0	4	4	0,010	1003994	52494	
0	4	4	0,015	1003866	68944	
0	4	4	0,020	1003525	82203	
0	4	4	0,025	1003341	98151	
0	4	5	0,005	1004093	24734	
0	4	5	0,010	1003921	50774	
0	4	5	0,015	1003855	67992	
0	4	5	0,020	1003471	81783	
0	4	5	0,025	1003322	101534	
0	4	6	0,005	1004057	24073	
0	4	6	0,010	1004025	50067	
0	4	6	0,015	1003782	64246	
0	4	6	0,020	1003664	82136	
0	4	6	0,025	1003395	97753	
0	4	7	0,005	1003943	23123	
0	4	7	0,010	1003850	46463	
0	4	7	0,015	1003853	63850	
0	4	7	0,020	1003711	78186	
0	4	7	0,025	1003278	95889	
0	4	8	0,005	1003849	20393	
0	4	8	0,010	1003921	43760	
0	4	8	0,015	1003878	59528	
0	4	8	0,020	1003605	74515	
0	4	8	0,025	1003476	93475	
0	4	9	0,005	1003989	20023	
0	4	9	0,010	1003827	43095	
0	4	9	0,015	1003668	59296	
0	4	9	0,020	1003625	73404	
0	4	9	0,025	1003308	89398	
0	4	10	0,005	1003951	18457	
0	4	10	0,010	1003846	37964	
0	4	10	0,015	1003766	55465	
0	4	10	0,020	1003612	70889	
0	4	10	0,025	1003359	86831	
0	8	3	0,005	1004395	6271	
0	8	3	0,010	1004492	10103	
0	8	3	0,015	1004439	12463	
0	8	3	0,020	1004331	14176	
0	8	3	0,025	1003872	16313	
0	8	4	0,005	1004236	6045	
0	8	4	0,010	1004551	9966	
0	8	4	0,015	1004504	12138	
0	8	4	0,020	1004290	13872	
0	8	4	0,025	1003905	16317	
0	8	5	0,005	1004336	5716	
0	8	5	0,010	1004583	9654	
0	8	5	0,015	1004520	11699	
0	8	5	0,020	1004275	13261	
0	8	5	0,025	1003889	15817	
0	8	6	0,005	1004323	5713	
0	8	6	0,010	1004557	9244	
0	8	6	0,015	1004518	11226	
0	8	6	0,020	1004490	12815	
0	8	6	0,025	1004056	15161	
0	8	7	0,005	1004189	5318	
0	8	7	0,010	1004447	8739	
0	8	7	0,015	1004443	11047	
0	8	7	0,020	1004343	12582	
0	8	7	0,025	1004005	14829	
0	8	8	0,005	1004145	4786	
0	8	8	0,010	1004415	8328	
0	8	8	0,015	1004386	10178	
0	8	8	0,020	1004221	11926	
0	8	8	0,025	1004010	14143	
0	8	9	0,005	1004281	4646	
0	8	9	0,010	1004502	8274	
0	8	9	0,015	1004442	10433	
0	8	9	0,020	1004383	11675	
0	8	9	0,025	1004057	13697	
0	8	10	0,005	1004153	4392	
0	8	10	0,010	1004331	7820	
0	8	10	0,015	1004366	9818	
0	8	10	0,020	1004291	11402	
0	8	10	0,025	1003940	13478	
0	10	3	0,005	1004643	3580	
0	10	3	0,010	1005478	6014	
0	10	3	0,015	1005974	7268	
0	10	3	0,020	1006669	8398	
0	10	3	0,025	1007139	9361	
0	10	4	0,005	1004519	3443	
0	10	4	0,010	1005454	5833	
0	10	4	0,015	1005895	7034	
0	10	4	0,020	1006391	8246	
0	10	4	0,025	1007113	9379	
0	10	5	0,005	1004741	3216	
0	10	5	0,010	1005450	5694	
0	10	5	0,015	1005843	6735	
0	10	5	0,020	1006481	7889	
0	10	5	0,025	1007054	9046	
0	10	6	0,005	1004731	3219	
0	10	6	0,010	1005573	5595	
0	10	6	0,015	1006005	6556	
0	10	6	0,020	1006584	7613	
0	10	6	0,025	1007167	8840	
0	10	7	0,005	1004662	2943	
0	10	7	0,010	1005425	5255	
0	10	7	0,015	1005857	6450	
0	10	7	0,020	1006462	7278	
0	10	7	0,025	1006955	8548	
0	10	8	0,005	1004300	2692	
0	10	8	0,010	1005270	4936	
0	10	8	0,015	1005576	5984	
0	10	8	0,020	1006098	6944	
0	10	8	0,025	1006712	8109	
0	10	9	0,005	1004429	2722	
0	10	9	0,010	1005175	4941	
0	10	9	0,015	1005558	6108	
0	10	9	0,020	1006180	6884	
0	10	9	0,025	1006520	7917	
0	10	10	0,005	1004392	2458	
0	10	10	0,010	1005029	4685	
0	10	10	0,015	1005393	5622	
0	10	10	0,020	1005996	6536	
0	10	10	0,025	1006616	7823	
0	16	3	0,005	1004253	1677	
0	16	3	0,010	1003520	2357	
0	16	3	0,015	1002662	2785	
0	16	3	0,020	1002220	3033	
0	16	3	0,025	1001830	3307	
0	16	4	0,005	1004335	1623	
0	16	4	0,010	1003667	2282	
0	16	4	0,015	1002765	2703	
0	16	4	0,020	1002151	3031	
0	16	4	0,025	1001826	3300	
0	16	5	0,005	1004398	1512	
0	16	5	0,010	1003825	2193	
0	16	5	0,015	1003059	2565	
0	16	5	0,020	1002432	2866	
0	16	5	0,025	1001949	3201	
0	16	6	0,005	1004217	1518	
0	16	6	0,010	1003693	2214	
0	16	6	0,015	1002982	2534	
0	16	6	0,020	1002364	2836	
0	16	6	0,025	1002069	3090	
0	16	7	0,005	1004218	1412	
0	16	7	0,010	1003846	2091	
0	16	7	0,015	1003042	2455	
0	16	7	0,020	1002449	2745	
0	16	7	0,025	1002215	3046	
0	16	8	0,005	1004208	1267	
0	16	8	0,010	1003834	1929	
0	16	8	0,015	1003245	2290	
0	16	8	0,020	1002628	2575	
0	16	8	0,025	1002199	2821	
0	16	9	0,005	1004120	1263	
0	16	9	0,010	1003996	1942	
0	16	9	0,015	1003351	2354	
0	16	9	0,020	1002735	2567	
0	16	9	0,025	1002286	2801	
0	16	10	0,005	1004226	1155	
0	16	10	0,010	1003920	1823	
0	16	10	0,015	1003309	2190	
0	16	10	0,020	1002690	2484	
0	16	10	0,025	1002390	2772	
0	20	3	0,005	1004736	812	
0	20	3	0,010	1005879	1376	
0	20	3	0,015	1006610	1697	
0	20	3	0,020	1007111	1906	
0	20	3	0,025	1007556	2089	
0	20	4	0,005	1004694	820	
0	20	4	0,010	1005770	1343	
0	20	4	0,015	1006576	1611	
0	20	4	0,020	1007133	1887	
0	20	4	0,025	1007635	2083	
0	20	5	0,005	1004783	729	
0	20	5	0,010	1005831	1332	
0	20	5	0,015	1006726	1584	
0	20	5	0,020	1007230	1820	
0	20	5	0,025	1007858	2001	
0	20	6	0,005	1004819	744	
0	20	6	0,010	1005965	1313	
0	20	6	0,015	1006623	1561	
0	20	6	0,020	1007068	1762	
0	20	6	0,025	1007496	1938	
0	20	7	0,005	1004692	730	
0	20	7	0,010	1005685	1245	
0	20	7	0,015	1006556	1518	
0	20	7	0,020	1007007	1717	
0	20	7	0,025	1007453	1867	
0	20	8	0,005	1004447	658	
0	20	8	0,010	1005585	1149	
0	20	8	0,015	1006267	1425	
0	20	8	0,020	1006793	1610	
0	20	8	0,025	1007246	1796	
0	20	9	0,005	1004515	658	
0	20	9	0,010	1005640	1197	
0	20	9	0,015	1006325	1476	
0	20	9	0,020	1006681	1594	
0	20	9	0,025	1007257	1787	
0	20	10	0,005	1004434	581	
0	20	10	0,010	1005374	1123	
0	20	10	0,015	1006038	1369	
0	20	10	0,020	1006428	1577	
0	20	10	0,025	1007188	1725	
0	40	3	0,005	1004121	201	
0	40	3	0,010	1003963	330	
0	40	3	0,015	1003096	443	
0	40	3	0,020	1001806	533	
0	40	3	0,025	1000957	538	
0	40	4	0,005	1004053	205	
0	40	4	0,010	1003918	304	
0	40	4	0,015	1003385	450	
0	40	4	0,020	1002109	536	
0	40	4	0,025	1001080	587	
0	40	5	0,005	1004088	209	
0	40	5	0,010	1004082	317	
0	40	5	0,015	1003356	421	
0	40	5	0,020	1002127	532	
0	40	5	0,025	1001350	563	
0	40	6	0,005	1004057	218	
0	40	6	0,010	1004124	308	
0	40	6	0,015	1003592	434	
0	40	6	0,020	1002538	527	
0	40	6	0,025	1001668	568	
0	40	7	0,005	1004173	216	
0	40	7	0,010	1004171	329	
0	40	7	0,015	1003584	425	
0	40	7	0,020	1003117	473	
0	40	7	0,025	1002181	539	
0	40	8	0,005	1004074	217	
0	40	8	0,010	1003922	295	
0	40	8	0,015	1003689	410	
0	40	8	0,020	1003140	453	
0	40	8	0,025	1002280	525	
0	40	9	0,005	1004052	213	
0	40	9	0,010	1004052	298	
0	40	9	0,015	1003846	399	
0	40	9	0,020	1003140	470	
0	40	9	0,025	1002406	499	
0	40	10	0,005	1004048	215	
0	40	10	0,010	1004056	303	
0	40	10	0,015	1003672	364	
0	40	10	0,020	1002772	474	
0	40	10	0,025	1002288	507	
0	80	3	0,005	1003887	129	
0	80	3	0,010	1003666	141	
0	80	3	0,015	1003642	143	
0	80	3	0,020	1003488	150	
0	80	3	0,025	1002479	165	
0	80	4	0,005	1003887	145	
0	80	4	0,010	1003624	156	
0	80	4	0,015	1003624	156	
0	80	4	0,020	1003194	170	
0	80	4	0,025	1002782	174	
0	80	5	0,005	1003887	153	
0	80	5	0,010	1003796	159	
0	80	5	0,015	1003772	163	
0	80	5	0,020	1003443	173	
0	80	5	0,025	1002495	188	
0	80	6	0,005	1003887	156	
0	80	6	0,010	1003796	161	
0	80	6	0,015	1003772	164	
0	80	6	0,020	1003618	173	
0	80	6	0,025	1002966	187	
0	80	7	0,005	1003887	159	
0	80	7	0,010	1003863	165	
0	80	7	0,015	1003863	165	
0	80	7	0,020	1003462	174	
0	80	7	0,025	1003149	184	
0	80	8	0,005	1003887	160	
0	80	8	0,010	1003600	172	
0	80	8	0,015	1003600	172	
0	80	8	0,020	1003170	185	
0	80	8	0,025	1003170	185	
0	80	9	0,005	1003887	162	
0	80	9	0,010	1003796	167	
0	80	9	0,015	1003772	170	
0	80	9	0,020	1003618	179	
0	80	9	0,025	1003226	184	
0	80	10	0,005	1003887	164	
0	80	10	0,010	1003796	169	
0	80	10	0,015	1003772	175	
0	80	10	0,020	1003772	175	
0	80	10	0,025	1003382	186	
1	4	3	0,005	1004219	49463	
1	4	3	0,010	1004419	90334	
1	4	3	0,015	1004291	112365	
1	4	3	0,020	1004063	133872	
1	4	3	0,025	1003598	160984	
1	4	4	0,005	1004123	47230	
1	4	4	0,010	1004422	88232	
1	4	4	0,015	1004281	108926	
1	4	4	0,020	1004123	133121	
1	4	4	0,025	1003654	165945	
1	4	5	0,005	1004203	45207	
1	4	5	0,010	1004454	86094	
1	4	5	0,015	1004196	109507	
1	4	5	0,020	1004074	137899	
1	4	5	0,025	1003707	168398	
1	4	6	0,005	1004231	44422	
1	4	6	0,010	1004455	84665	
1	4	6	0,015	1004380	105347	
1	4	6	0,020	1004075	131702	
1	4	6	0,025	1003833	167326	
1	4	7	0,005	1004316	42748	
1	4	7	0,010	1004305	82671	
1	4	7	0,015	1004297	103137	
1	4	7	0,020	1004139	126674	
1	4	7	0,025	1003630	161575	
1	4	8	0,005	1004019	36080	
1	4	8	0,010	1004418	74789	
1	4	8	0,015	1004321	95873	
1	4	8	0,020	1004214	125651	
1	4	8	0,025	1003637	158619	
1	4	9	0,005	1004131	35171	
1	4	9	0,010	1004140	75078	
1	4	9	0,015	1004188	98267	
1	4	9	0,020	1004036	121343	
1	4	9	0,025	1003727	148466	
1	4	10	0,005	1004018	33069	
1	4	10	0,010	1004269	68533	
1	4	10	0,015	1004111	91523	
1	4	10	0,020	1004074	118029	
1	4	10	0,025	1003703	146811	
1	8	3	0,005	1004640	9769	
1	8	3	0,010	1005339	15314	
1	8	3	0,015	1005967	18496	
1	8	3	0,020	1005974	21355	
1	8	3	0,025	1005690	24922	
1	8	4	0,005	1004663	9490	
1	8	4	0,010	1005526	15056	
1	8	4	0,015	1005919	17736	
1	8	4	0,020	1005905	21190	
1	8	4	0,025	1005786	25475	
1	8	5	0,005	1004711	8880	
1	8	5	0,010	1005536	14821	
1	8	5	0,015	1005903	17250	
1	8	5	0,020	1006056	20297	
1	8	5	0,025	1005785	24675	
1	8	6	0,005	1004585	8983	
1	8	6	0,010	1005506	14380	
1	8	6	0,015	1006015	16647	
1	8	6	0,020	1005994	19444	
1	8	6	0,025	1006076	24393	
1	8	7	0,005	1004410	8469	
1	8	7	0,010	1005360	14040	
1	8	7	0,015	1005921	16713	
1	8	7	0,020	1006074	19050	
1	8	7	0,025	1006043	23240	
1	8	8	0,005	1004296	7366	
1	8	8	0,010	1005266	12732	
1	8	8	0,015	1005476	15299	
1	8	8	0,020	1005745	18204	
1	8	8	0,025	1005804	22404	
1	8	9	0,005	1004551	7102	
1	8	9	0,010	1005273	13033	
1	8	9	0,015	1005806	16227	
1	8	9	0,020	1005894	18252	
1	8	9	0,025	1005879	21438	
1	8	10	0,005	1004422	6700	
1	8	10	0,010	1005082	12086	
1	8	10	0,015	1005603	15100	
1	8	10	0,020	1005824	17662	
1	8	10	0,025	1005729	20981	
1	10	3	0,005	1004771	5297	
1	10	3	0,010	1005783	9073	
1	10	3	0,015	1006782	10575	
1	10	3	0,020	1007965	12231	
1	10	3	0,025	1008606	13977	
1	10	4	0,005	1004674	5081	
1	10	4	0,010	1005624	8895	
1	10	4	0,015	1006716	10251	
1	10	4	0,020	1007805	12141	
1	10	4	0,025	1008560	14013	
1	10	5	0,005	1004738	4685	
1	10	5	0,010	1005735	8854	
1	10	5	0,015	1006566	9723	
1	10	5	0,020	1007505	11445	
1	10	5	0,025	1008413	13356	
1	10	6	0,005	1004794	4719	
1	10	6	0,010	1005827	8652	
1	10	6	0,015	1006750	9537	
1	10	6	0,020	1007709	11389	
1	10	6	0,025	1008459	13545	
1	10	7	0,005	1004653	4466	
1	10	7	0,010	1005770	8507	
1	10	7	0,015	1006594	9472	
1	10	7	0,020	1007557	10801	
1	10	7	0,025	1008268	12914	
1	10	8	0,005	1004441	3944	
1	10	8	0,010	1005443	7636	
1	10	8	0,015	1006127	8820	
1	10	8	0,020	1007060	10396	
1	10	8	0,025	1007726	12368	
1	10	9	0,005	1004530	3840	
1	10	9	0,010	1005542	7720	
1	10	9	0,015	1006245	9297	
1	10	9	0,020	1007024	10571	
1	10	9	0,025	1007582	12130	
1	10	10	0,005	1004439	3460	
1	10	10	0,010	1005336	7304	
1	10	10	0,015	1005844	8549	
1	10	10	0,020	1006821	9782	
1	10	10	0,025	1007586	11810	
1	16	3	0,005	1004162	2142	
1	16	3	0,010	1003290	3270	
1	16	3	0,015	1002836	3812	
1	16	3	0,020	1002574	4198	
1	16	3	0,025	1002219	4675	
1	16	4	0,005	1004102	2114	
1	16	4	0,010	1003450	3223	
1	16	4	0,015	1003057	3650	
1	16	4	0,020	1002636	4218	
1	16	4	0,025	1002366	4755	
1	16	5	0,005	1004398	1953	
1	16	5	0,010	1003589	3085	
1	16	5	0,015	1003018	3460	
1	16	5	0,020	1002953	3939	
1	16	5	0,025	1002531	4412	
1	16	6	0,005	1004168	1979	
1	16	6	0,010	1003619	3133	
1	16	6	0,015	1003179	3432	
1	16	6	0,020	1002727	3897	
1	16	6	0,025	1002398	4397	
1	16	7	0,005	1004269	1900	
1	16	7	0,010	1003796	3028	
1	16	7	0,015	1003172	3438	
1	16	7	0,020	1002884	3832	
1	16	7	0,025	1002796	4222	
1	16	8	0,005	1004085	1565	
1	16	8	0,010	1003654	2789	
1	16	8	0,015	1003222	3201	
1	16	8	0,020	1002930	3537	
1	16	8	0,025	1002593	4016	
1	16	9	0,005	1004111	1530	
1	16	9	0,010	1003682	2765	
1	16	9	0,015	1003100	3298	
1	16	9	0,020	1003084	3615	
1	16	9	0,025	1002441	4101	
1	16	10	0,005	1004193	1440	
1	16	10	0,010	1003868	2540	
1	16	10	0,015	1003352	3082	
1	16	10	0,020	1003261	3481	
1	16	10	0,025	1002728	3925	
1	20	3	0,005	1004614	962	
1	20	3	0,010	1005691	1973	
1	20	3	0,015	1006269	2392	
1	20	3	0,020	1006877	2610	
1	20	3	0,025	1007060	2914	
1	20	4	0,005	1004690	975	
1	20	4	0,010	1005501	1898	
1	20	4	0,015	1006172	2238	
1	20	4	0,020	1006844	2566	
1	20	4	0,025	1007048	2930	
1	20	5	0,005	1004711	835	
1	20	5	0,010	1005688	1905	
1	20	5	0,015	1006225	2179	
1	20	5	0,020	1006600	2427	
1	20	5	0,025	1007077	2808	
1	20	6	0,005	1004741	882	
1	20	6	0,010	1005841	1871	
1	20	6	0,015	1006236	2119	
1	20	6	0,020	1006566	2403	
1	20	6	0,025	1006905	2777	
1	20	7	0,005	1004695	865	
1	20	7	0,010	1005752	1866	
1	20	7	0,015	1006118	2130	
1	20	7	0,020	1006355	2315	
1	20	7	0,025	1006668	2574	
1	20	8	0,005	1004441	779	
1	20	8	0,010	1005445	1586	
1	20	8	0,015	1005897	1951	
1	20	8	0,020	1006427	2213	
1	20	8	0,025	1006602	2518	
1	20	9	0,005	1004516	746	
1	20	9	0,010	1005564	1660	
1	20	9	0,015	1005772	2113	
1	20	9	0,020	1006129	2241	
1	20	9	0,025	1006405	2486	
1	20	10	0,005	1004364	664	
1	20	10	0,010	1005378	1555	
1	20	10	0,015	1005660	1897	
1	20	10	0,020	1005991	2158	
1	20	10	0,025	1006189	2417	
1	40	3	0,005	1004096	212	
1	40	3	0,010	1003983	380	
1	40	3	0,015	1002837	568	
1	40	3	0,020	1001157	687	
1	40	3	0,025	999504	714	
1	40	4	0,005	1004080	212	
1	40	4	0,010	1003921	361	
1	40	4	0,015	1002940	567	
1	40	4	0,020	1001624	665	
1	40	4	0,025	1000092	770	
1	40	5	0,005	1004105	206	
1	40	5	0,010	1004173	366	
1	40	5	0,015	1003186	540	
1	40	5	0,020	1001918	673	
1	40	5	0,025	1000582	726	
1	40	6	0,005	1004083	222	
1	40	6	0,010	1004138	350	
1	40	6	0,015	1003499	539	
1	40	6	0,020	1002333	667	
1	40	6	0,025	1001001	729	
1	40	7	0,005	1004183	237	
1	40	7	0,010	1004172	374	
1	40	7	0,015	1003368	526	
1	40	7	0,020	1002634	602	
1	40	7	0,025	1001406	686	
1	40	8	0,005	1004105	221	
1	40	8	0,010	1003892	330	
1	40	8	0,015	1003620	505	
1	40	8	0,020	1002886	555	
1	40	8	0,025	1001634	663	
1	40	9	0,005	1004066	214	
1	40	9	0,010	1004121	330	
1	40	9	0,015	1003775	483	
1	40	9	0,020	1002938	575	
1	40	9	0,025	1001895	629	
1	40	10	0,005	1004069	215	
1	40	10	0,010	1004037	319	
1	40	10	0,015	1003584	456	
1	40	10	0,020	1002740	579	
1	40	10	0,025	1001937	628	
1	80	3	0,005	1003887	129	
1	80	3	0,010	1003666	141	
1	80	3	0,015	1003642	143	
1	80	3	0,020	1003313	158	
1	80	3	0,025	1002215	175	
1	80	4	0,005	1003887	145	
1	80	4	0,010	1003624	156	
1	80	4	0,015	1003624	156	
1	80	4	0,020	1003185	171	
1	80	4	0,025	1002516	180	
1	80	5	0,005	1003887	153	
1	80	5	0,010	1003796	159	
1	80	5	0,015	1003772	163	
1	80	5	0,020	1003454	174	
1	80	5	0,025	1002252	193	
1	80	6	0,005	1003887	156	
1	80	6	0,010	1003796	161	
1	80	6	0,015	1003772	164	
1	80	6	0,020	1003611	173	
1	80	6	0,025	1002706	195	
1	80	7	0,005	1003887	159	
1	80	7	0,010	1003863	165	
1	80	7	0,015	1003863	165	
1	80	7	0,020	1003464	174	
1	80	7	0,025	1002925	186	
1	80	8	0,005	1003887	160	
1	80	8	0,010	1003600	172	
1	80	8	0,015	1003600	172	
1	80	8	0,020	1003161	187	
1	80	8	0,025	1003137	187	
1	80	9	0,005	1003887	162	
1	80	9	0,010	1003796	167	
1	80	9	0,015	1003772	170	
1	80	9	0,020	1003611	179	
1	80	9	0,025	1002980	190	
1	80	10	0,005	1003887	164	
1	80	10	0,010	1003796	169	
1	80	10	0,015	1003772	175	
1	80	10	0,020	1003772	175	
1	80	10	0,025	1003127	190	
2	4	3	0,005	1004002	68625	
2	4	3	0,010	1003916	127088	
2	4	3	0,015	1003789	154599	
2	4	3	0,020	1003367	185147	
2	4	3	0,025	1002968	224945	
2	4	4	0,005	1003978	65151	
2	4	4	0,010	1004074	124404	
2	4	4	0,015	1003740	151875	
2	4	4	0,020	1003580	185747	
2	4	4	0,025	1002878	237282	
2	4	5	0,005	1003947	62675	
2	4	5	0,010	1003971	122736	
2	4	5	0,015	1003742	150928	
2	4	5	0,020	1003419	192274	
2	4	5	0,025	1002980	234619	
2	4	6	0,005	1004041	61844	
2	4	6	0,010	1004073	117839	
2	4	6	0,015	1003842	146792	
2	4	6	0,020	1003653	183744	
2	4	6	0,025	1003148	234165	
2	4	7	0,005	1003921	58858	
2	4	7	0,010	1004088	117662	
2	4	7	0,015	1003893	145498	
2	4	7	0,020	1003558	178661	
2	4	7	0,025	1003194	226094	
2	4	8	0,005	1003916	49825	
2	4	8	0,010	1004021	105586	
2	4	8	0,015	1003835	135471	
2	4	8	0,020	1003700	176871	
2	4	8	0,025	1003096	226502	
2	4	9	0,005	1003883	48861	
2	4	9	0,010	1003937	104692	
2	4	9	0,015	1003905	139048	
2	4	9	0,020	1003580	171843	
2	4	9	0,025	1003205	214451	
2	4	10	0,005	1003848	45461	
2	4	10	0,010	1003992	97082	
2	4	10	0,015	1003806	130954	
2	4	10	0,020	1003545	166230	
2	4	10	0,025	1003180	211692	
2	8	3	0,005	1004724	12420	
2	8	3	0,010	1005490	20521	
2	8	3	0,015	1006133	24191	
2	8	3	0,020	1006710	28954	
2	8	3	0,025	1006876	33276	
2	8	4	0,005	1004790	11791	
2	8	4	0,010	1005643	20057	
2	8	4	0,015	1006165	23366	
2	8	4	0,020	1006416	28520	
2	8	4	0,025	1007026	34574	
2	8	5	0,005	1004830	11247	
2	8	5	0,010	1005621	20058	
2	8	5	0,015	1006165	22570	
2	8	5	0,020	1006710	27965	
2	8	5	0,025	1006993	33559	
2	8	6	0,005	1004828	11354	
2	8	6	0,010	1005622	19314	
2	8	6	0,015	1006122	22108	
2	8	6	0,020	1006586	26721	
2	8	6	0,025	1007064	33372	
2	8	7	0,005	1004787	10899	
2	8	7	0,010	1005559	19052	
2	8	7	0,015	1006018	22242	
2	8	7	0,020	1006540	25977	
2	8	7	0,025	1006896	31517	
2	8	8	0,005	1004634	9214	
2	8	8	0,010	1005175	16916	
2	8	8	0,015	1005740	20646	
2	8	8	0,020	1006067	24749	
2	8	8	0,025	1006656	31351	
2	8	9	0,005	1004743	9167	
2	8	9	0,010	1005228	17868	
2	8	9	0,015	1005766	21557	
2	8	9	0,020	1006151	24802	
2	8	9	0,025	1006538	29592	
2	8	10	0,005	1004531	8484	
2	8	10	0,010	1005330	16412	
2	8	10	0,015	1005739	20145	
2	8	10	0,020	1006288	23733	
2	8	10	0,025	1006658	28943	
2	10	3	0,005	1004732	6643	
2	10	3	0,010	1005805	12109	
2	10	3	0,015	1006840	13829	
2	10	3	0,020	1007985	15744	
2	10	3	0,025	1008664	18374	
2	10	4	0,005	1004736	6315	
2	10	4	0,010	1005878	11915	
2	10	4	0,015	1006717	13253	
2	10	4	0,020	1007793	15420	
2	10	4	0,025	1008673	18480	
2	10	5	0,005	1004764	5927	
2	10	5	0,010	1005775	11819	
2	10	5	0,015	1006688	12779	
2	10	5	0,020	1007370	14735	
2	10	5	0,025	1008568	17556	
2	10	6	0,005	1004811	6004	
2	10	6	0,010	1005843	11558	
2	10	6	0,015	1006600	12542	
2	10	6	0,020	1007583	14766	
2	10	6	0,025	1008259	18036	
2	10	7	0,005	1004737	5559	
2	10	7	0,010	1005970	11319	
2	10	7	0,015	1006548	12594	
2	10	7	0,020	1007382	14117	
2	10	7	0,025	1008176	17106	
2	10	8	0,005	1004448	4922	
2	10	8	0,010	1005554	10104	
2	10	8	0,015	1006117	11585	
2	10	8	0,020	1006992	13786	
2	10	8	0,025	1007778	16564	
2	10	9	0,005	1004472	4891	
2	10	9	0,010	1005649	10398	
2	10	9	0,015	1006283	12245	
2	10	9	0,020	1006976	13811	
2	10	9	0,025	1007392	16150	
2	10	10	0,005	1004475	4453	
2	10	10	0,010	1005438	9768	
2	10	10	0,015	1006089	11122	
2	10	10	0,020	1006665	13232	
2	10	10	0,025	1007427	15937	
2	16	3	0,005	1004522	2649	
2	16	3	0,010	1004452	4265	
2	16	3	0,015	1004809	4760	
2	16	3	0,020	1004782	5264	
2	16	3	0,025	1004508	5915	
2	16	4	0,005	1004464	2488	
2	16	4	0,010	1004430	4218	
2	16	4	0,015	1004775	4619	
2	16	4	0,020	1004717	5222	
2	16	4	0,025	1004789	5946	
2	16	5	0,005	1004586	2291	
2	16	5	0,010	1004616	3978	
2	16	5	0,015	1004875	4436	
2	16	5	0,020	1004950	4921	
2	16	5	0,025	1004764	5578	
2	16	6	0,005	1004520	2350	
2	16	6	0,010	1004540	4039	
2	16	6	0,015	1004843	4318	
2	16	6	0,020	1004820	4979	
2	16	6	0,025	1004852	5627	
2	16	7	0,005	1004420	2269	
2	16	7	0,010	1004756	3938	
2	16	7	0,015	1004785	4378	
2	16	7	0,020	1004691	4766	
2	16	7	0,025	1005047	5399	
2	16	8	0,005	1004283	1800	
2	16	8	0,010	1004560	3550	
2	16	8	0,015	1004763	4010	
2	16	8	0,020	1004795	4491	
2	16	8	0,025	1004861	5142	
2	16	9	0,005	1004414	1847	
2	16	9	0,010	1004476	3562	
2	16	9	0,015	1004724	4191	
2	16	9	0,020	1004590	4652	
2	16	9	0,025	1004502	5217	
2	16	10	0,005	1004344	1707	
2	16	10	0,010	1004706	3242	
2	16	10	0,015	1004751	3945	
2	16	10	0,020	1004912	4371	
2	16	10	0,025	1004807	4944	
2	20	3	0,005	1004816	1131	
2	20	3	0,010	1005995	2492	
2	20	3	0,015	1006460	3097	
2	20	3	0,020	1006728	3301	
2	20	3	0,025	1006771	3631	
2	20	4	0,005	1004659	1118	
2	20	4	0,010	1005770	2386	
2	20	4	0,015	1006492	2933	
2	20	4	0,020	1006761	3244	
2	20	4	0,025	1007068	3693	
2	20	5	0,005	1004726	994	
2	20	5	0,010	1005992	2358	
2	20	5	0,015	1006502	2831	
2	20	5	0,020	1006841	3119	
2	20	5	0,025	1007016	3565	
2	20	6	0,005	1004811	1015	
2	20	6	0,010	1006171	2360	
2	20	6	0,015	1006408	2721	
2	20	6	0,020	1006798	3033	
2	20	6	0,025	1007094	3405	
2	20	7	0,005	1004737	982	
2	20	7	0,010	1005999	2343	
2	20	7	0,015	1006289	2780	
2	20	7	0,020	1006401	2911	
2	20	7	0,025	1006723	3275	
2	20	8	0,005	1004505	868	
2	20	8	0,010	1005799	1938	
2	20	8	0,015	1006285	2501	
2	20	8	0,020	1006494	2755	
2	20	8	0,025	1006652	3176	
2	20	9	0,005	1004561	811	
2	20	9	0,010	1005856	2063	
2	20	9	0,015	1006073	2604	
2	20	9	0,020	1006261	2805	
2	20	9	0,025	1006533	3089	
2	20	10	0,005	1004367	763	
2	20	10	0,010	1005705	1906	
2	20	10	0,015	1005992	2467	
2	20	10	0,020	1006317	2734	
2	20	10	0,025	1006359	3063	
2	40	3	0,005	1004123	219	
2	40	3	0,010	1004096	428	
2	40	3	0,015	1002644	661	
2	40	3	0,020	1000149	827	
2	40	3	0,025	998344	834	
2	40	4	0,005	1004035	208	
2	40	4	0,010	1003991	432	
2	40	4	0,015	1002576	640	
2	40	4	0,020	1000600	820	
2	40	4	0,025	999002	890	
2	40	5	0,005	1004101	213	
2	40	5	0,010	1004116	407	
2	40	5	0,015	1002927	615	
2	40	5	0,020	1001031	795	
2	40	5	0,025	999763	844	
2	40	6	0,005	1004075	227	
2	40	6	0,010	1004308	387	
2	40	6	0,015	1003416	608	
2	40	6	0,020	1001742	801	
2	40	6	0,025	1000243	846	
2	40	7	0,005	1004162	236	
2	40	7	0,010	1004164	410	
2	40	7	0,015	1003143	617	
2	40	7	0,020	1002129	719	
2	40	7	0,025	1000573	826	
2	40	8	0,005	1004026	221	
2	40	8	0,010	1003830	372	
2	40	8	0,015	1003371	560	
2	40	8	0,020	1002439	666	
2	40	8	0,025	1000954	773	
2	40	9	0,005	1004058	213	
2	40	9	0,010	1004166	361	
2	40	9	0,015	1003659	530	
2	40	9	0,020	1002403	705	
2	40	9	0,025	1001482	731	
2	40	10	0,005	1004058	222	
2	40	10	0,010	1004082	346	
2	40	10	0,015	1003517	515	
2	40	10	0,020	1002262	659	
2	40	10	0,025	1001422	717	
2	80	3	0,005	1003887	129	
2	80	3	0,010	1003666	141	
2	80	3	0,015	1003642	143	
2	80	3	0,020	1003284	158	
2	80	3	0,025	1002134	175	
2	80	4	0,005	1003887	145	
2	80	4	0,010	1003624	156	
2	80	4	0,015	1003624	156	
2	80	4	0,020	1003185	171	
2	80	4	0,025	1002463	179	
2	80	5	0,005	1003887	153	
2	80	5	0,010	1003796	159	
2	80	5	0,015	1003772	163	
2	80	5	0,020	1003264	172	
2	80	5	0,025	1002163	199	
2	80	6	0,005	1003887	156	
2	80	6	0,010	1003796	161	
2	80	6	0,015	1003772	164	
2	80	6	0,020	1003582	169	
2	80	6	0,025	1002656	192	
2	80	7	0,005	1003887	159	
2	80	7	0,010	1003863	165	
2	80	7	0,015	1003863	165	
2	80	7	0,020	1003274	178	
2	80	7	0,025	1002844	186	
2	80	8	0,005	1003887	160	
2	80	8	0,010	1003600	172	
2	80	8	0,015	1003600	172	
2	80	8	0,020	1003161	187	
2	80	8	0,025	1003084	187	
2	80	9	0,005	1003887	162	
2	80	9	0,010	1003796	167	
2	80	9	0,015	1003772	170	
2	80	9	0,020	1003582	179	
2	80	9	0,025	1002950	189	
2	80	10	0,005	1003887	164	
2	80	10	0,010	1003796	169	
2	80	10	0,015	1003772	175	
2	80	10	0,020	1003772	175	
2	80	10	0,025	1003111	192	
3	4	3	0,005	1004203	87625	
3	4	3	0,010	1004225	157064	
3	4	3	0,015	1004082	195480	
3	4	3	0,020	1003705	237416	
3	4	3	0,025	1003000	284530	
3	4	4	0,005	1004121	83096	
3	4	4	0,010	1004120	155453	
3	4	4	0,015	1004194	194920	
3	4	4	0,020	1003731	244043	
3	4	4	0,025	1003091	304766	
3	4	5	0,005	1004197	79629	
3	4	5	0,010	1004313	154305	
3	4	5	0,015	1004117	198099	
3	4	5	0,020	1003692	244668	
3	4	5	0,025	1002971	304250	
3	4	6	0,005	1004237	79518	
3	4	6	0,010	1004228	146855	
3	4	6	0,015	1004230	188488	
3	4	6	0,020	1003923	240007	
3	4	6	0,025	1003133	302657	
3	4	7	0,005	1004219	75169	
3	4	7	0,010	1004222	147548	
3	4	7	0,015	1004060	188928	
3	4	7	0,020	1003723	236152	
3	4	7	0,025	1003170	292567	
3	4	8	0,005	1004072	63863	
3	4	8	0,010	1004181	131943	
3	4	8	0,015	1004100	178829	
3	4	8	0,020	1003794	232503	
3	4	8	0,025	1003264	295855	
3	4	9	0,005	1004139	63345	
3	4	9	0,010	1004221	131447	
3	4	9	0,015	1004211	177692	
3	4	9	0,020	1003949	222157	
3	4	9	0,025	1003260	278660	
3	4	10	0,005	1004155	58522	
3	4	10	0,010	1004095	124589	
3	4	10	0,015	1003936	169185	
3	4	10	0,020	1003806	217297	
3	4	10	0,025	1003290	278605	
3	8	3	0,005	1004837	15174	
3	8	3	0,010	1005765	24975	
3	8	3	0,015	1006627	30134	
3	8	3	0,020	1007517	35349	
3	8	3	0,025	1008661	41136	
3	8	4	0,005	1004862	14445	
3	8	4	0,010	1005810	24604	
3	8	4	0,015	1006496	29357	
3	8	4	0,020	1007293	35531	
3	8	4	0,025	1008532	42484	
3	8	5	0,005	1004945	13611	
3	8	5	0,010	1005879	24569	
3	8	5	0,015	1006557	28622	
3	8	5	0,020	1007228	34937	
3	8	5	0,025	1008498	41829	
3	8	6	0,005	1004996	13867	
3	8	6	0,010	1005907	23519	
3	8	6	0,015	1006593	27971	
3	8	6	0,020	1007495	33931	
3	8	6	0,025	1008583	41408	
3	8	7	0,005	1004957	13117	
3	8	7	0,010	1005744	23597	
3	8	7	0,015	1006313	28300	
3	8	7	0,020	1007207	32852	
3	8	7	0,025	1008350	39289	
3	8	8	0,005	1004743	11272	
3	8	8	0,010	1005401	20884	
3	8	8	0,015	1006091	26204	
3	8	8	0,020	1006930	31438	
3	8	8	0,025	1007878	39554	
3	8	9	0,005	1004692	11297	
3	8	9	0,010	1005457	21853	
3	8	9	0,015	1005961	27117	
3	8	9	0,020	1006794	31280	
3	8	9	0,025	1007423	37411	
3	8	10	0,005	1004619	10370	
3	8	10	0,010	1005400	20563	
3	8	10	0,015	1005885	25286	
3	8	10	0,020	1006537	29886	
3	8	10	0,025	1007388	36349	
3	10	3	0,005	1004897	7985	
3	10	3	0,010	1006177	14583	
3	10	3	0,015	1007629	16777	
3	10	3	0,020	1009159	18967	
3	10	3	0,025	1009924	22263	
3	10	4	0,005	1004838	7514	
3	10	4	0,010	1006168	14333	
3	10	4	0,015	1007484	16274	
3	10	4	0,020	1009092	18800	
3	10	4	0,025	1010148	22461	
3	10	5	0,005	1005033	6974	
3	10	5	0,010	1006258	14146	
3	10	5	0,015	1007546	16029	
3	10	5	0,020	1008678	18068	
3	10	5	0,025	1010225	21402	
3	10	6	0,005	1004991	7219	
3	10	6	0,010	1006336	13851	
3	10	6	0,015	1007361	15499	
3	10	6	0,020	1008802	17933	
3	10	6	0,025	1009721	21958	
3	10	7	0,005	1004915	6670	
3	10	7	0,010	1006189	13798	
3	10	7	0,015	1007411	15734	
3	10	7	0,020	1008595	17408	
3	10	7	0,025	1009651	20970	
3	10	8	0,005	1004644	5865	
3	10	8	0,010	1005798	12201	
3	10	8	0,015	1006741	14326	
3	10	8	0,020	1008111	17120	
3	10	8	0,025	1009174	20382	
3	10	9	0,005	1004767	5870	
3	10	9	0,010	1005920	12587	
3	10	9	0,015	1007047	15074	
3	10	9	0,020	1007922	17101	
3	10	9	0,025	1008563	20014	
3	10	10	0,005	1004709	5389	
3	10	10	0,010	1005781	11920	
3	10	10	0,015	1006813	13847	
3	10	10	0,020	1007768	16383	
3	10	10	0,025	1008824	19611	
3	16	3	0,005	1004998	3014	
3	16	3	0,010	1005730	5046	
3	16	3	0,015	1006949	5728	
3	16	3	0,020	1007791	6288	
3	16	3	0,025	1008260	6938	
3	16	4	0,005	1004973	2837	
3	16	4	0,010	1005803	4945	
3	16	4	0,015	1007056	5597	
3	16	4	0,020	1008102	6225	
3	16	4	0,025	1008891	7233	
3	16	5	0,005	1005076	2571	
3	16	5	0,010	1005850	4735	
3	16	5	0,015	1006985	5390	
3	16	5	0,020	1007882	5974	
3	16	5	0,025	1008695	6835	
3	16	6	0,005	1004902	2720	
3	16	6	0,010	1005928	4798	
3	16	6	0,015	1006964	5371	
3	16	6	0,020	1007803	6025	
3	16	6	0,025	1008474	6713	
3	16	7	0,005	1004871	2581	
3	16	7	0,010	1005925	4716	
3	16	7	0,015	1006892	5299	
3	16	7	0,020	1007677	5789	
3	16	7	0,025	1008736	6512	
3	16	8	0,005	1004608	2061	
3	16	8	0,010	1005720	4206	
3	16	8	0,015	1006890	4893	
3	16	8	0,020	1007728	5554	
3	16	8	0,025	1008318	6280	
3	16	9	0,005	1004722	2137	
3	16	9	0,010	1005687	4259	
3	16	9	0,015	1006372	5079	
3	16	9	0,020	1007218	5620	
3	16	9	0,025	1007875	6234	
3	16	10	0,005	1004712	1926	
3	16	10	0,010	1005618	3862	
3	16	10	0,015	1006661	4776	
3	16	10	0,020	1007296	5312	
3	16	10	0,025	1008068	6045	
3	20	3	0,005	1004891	1268	
3	20	3	0,010	1006139	2837	
3	20	3	0,015	1006997	3590	
3	20	3	0,020	1007403	3960	
3	20	3	0,025	1007453	4255	
3	20	4	0,005	1004789	1241	
3	20	4	0,010	1005928	2762	
3	20	4	0,015	1006825	3476	
3	20	4	0,020	1007725	3986	
3	20	4	0,025	1007962	4347	
3	20	5	0,005	1004879	1088	
3	20	5	0,010	1006070	2720	
3	20	5	0,015	1006654	3356	
3	20	5	0,020	1007205	3752	
3	20	5	0,025	1007751	4143	
3	20	6	0,005	1004946	1179	
3	20	6	0,010	1006296	2664	
3	20	6	0,015	1006866	3295	
3	20	6	0,020	1007458	3696	
3	20	6	0,025	1007931	4032	
3	20	7	0,005	1004809	1094	
3	20	7	0,010	1006039	2635	
3	20	7	0,015	1006759	3306	
3	20	7	0,020	1007052	3547	
3	20	7	0,025	1007545	3908	
3	20	8	0,005	1004569	944	
3	20	8	0,010	1005761	2233	
3	20	8	0,015	1006531	2999	
3	20	8	0,020	1007139	3417	
3	20	8	0,025	1007292	3782	
3	20	9	0,005	1004684	928	
3	20	9	0,010	1006002	2400	
3	20	9	0,015	1006590	3128	
3	20	9	0,020	1006706	3424	
3	20	9	0,025	1007066	3801	
3	20	10	0,005	1004441	852	
3	20	10	0,010	1005736	2225	
3	20	10	0,015	1006248	2916	
3	20	10	0,020	1006477	3287	
3	20	10	0,025	1006976	3697	
3	40	3	0,005	1004173	230	
3	40	3	0,010	1004355	469	
3	40	3	0,015	1002890	732	
3	40	3	0,020	1000761	913	
3	40	3	0,025	999239	944	
3	40	4	0,005	1004076	218	
3	40	4	0,010	1004230	470	
3	40	4	0,015	1003031	725	
3	40	4	0,020	1001414	944	
3	40	4	0,025	999904	1015	
3	40	5	0,005	1004121	212	
3	40	5	0,010	1004392	445	
3	40	5	0,015	1003290	686	
3	40	5	0,020	1001726	894	
3	40	5	0,025	1000484	943	
3	40	6	0,005	1004143	237	
3	40	6	0,010	1004523	434	
3	40	6	0,015	1003801	671	
3	40	6	0,020	1002394	892	
3	40	6	0,025	1001153	952	
3	40	7	0,005	1004192	256	
3	40	7	0,010	1004366	454	
3	40	7	0,015	1003666	671	
3	40	7	0,020	1002616	804	
3	40	7	0,025	1001413	920	
3	40	8	0,005	1004033	228	
3	40	8	0,010	1004079	403	
3	40	8	0,015	1003691	605	
3	40	8	0,020	1003015	737	
3	40	8	0,025	1001580	866	
3	40	9	0,005	1004101	222	
3	40	9	0,010	1004324	387	
3	40	9	0,015	1003972	570	
3	40	9	0,020	1002856	768	
3	40	9	0,025	1002042	820	
3	40	10	0,005	1004079	221	
3	40	10	0,010	1004265	373	
3	40	10	0,015	1003665	568	
3	40	10	0,020	1002780	723	
3	40	10	0,025	1001935	813	
3	80	3	0,005	1003887	129	
3	80	3	0,010	1003666	141	
3	80	3	0,015	1003642	143	
3	80	3	0,020	1003284	158	
3	80	3	0,025	1002146	178	
3	80	4	0,005	1003887	145	
3	80	4	0,010	1003624	156	
3	80	4	0,015	1003624	156	
3	80	4	0,020	1003185	171	
3	80	4	0,025	1002473	179	
3	80	5	0,005	1003887	153	
3	80	5	0,010	1003796	159	
3	80	5	0,015	1003772	163	
3	80	5	0,020	1003264	172	
3	80	5	0,025	1002182	199	
3	80	6	0,005	1003887	156	
3	80	6	0,010	1003796	161	
3	80	6	0,015	1003772	164	
3	80	6	0,020	1003582	169	
3	80	6	0,025	1002632	192	
3	80	7	0,005	1003887	159	
3	80	7	0,010	1003863	165	
3	80	7	0,015	1003863	165	
3	80	7	0,020	1003274	178	
3	80	7	0,025	1002873	189	
3	80	8	0,005	1003887	160	
3	80	8	0,010	1003600	172	
3	80	8	0,015	1003600	172	
3	80	8	0,020	1003161	187	
3	80	8	0,025	1003094	187	
3	80	9	0,005	1003887	162	
3	80	9	0,010	1003796	167	
3	80	9	0,015	1003772	170	
3	80	9	0,020	1003582	179	
3	80	9	0,025	1002926	190	
3	80	10	0,005	1003887	164	
3	80	10	0,010	1003796	169	
3	80	10	0,015	1003772	175	
3	80	10	0,020	1003772	175	
3	80	10	0,025	1003111	192	
4	4	3	0,005	1004154	103885	
4	4	3	0,010	1004113	184982	
4	4	3	0,015	1003692	235437	
4	4	3	0,020	1002974	291514	
4	4	3	0,025	1001969	342972	
4	4	4	0,005	1004096	97739	
4	4	4	0,010	1004049	184414	
4	4	4	0,015	1003792	238187	
4	4	4	0,020	1002990	305449	
4	4	4	0,025	1002028	368435	
4	4	5	0,005	1004115	95303	
4	4	5	0,010	1004120	182721	
4	4	5	0,015	1003712	242069	
4	4	5	0,020	1002801	303900	
4	4	5	0,025	1001873	370610	
4	4	6	0,005	1004270	94797	
4	4	6	0,010	1004164	172821	
4	4	6	0,015	1003830	232661	
4	4	6	0,020	1003048	297003	
4	4	6	0,025	1002192	369107	
4	4	7	0,005	1004117	89425	
4	4	7	0,010	1004015	173586	
4	4	7	0,015	1003812	232340	
4	4	7	0,020	1003136	294476	
4	4	7	0,025	1002100	360129	
4	4	8	0,005	1003918	77371	
4	4	8	0,010	1003926	157762	
4	4	8	0,015	1003796	220474	
4	4	8	0,020	1003119	291938	
4	4	8	0,025	1002182	363228	
4	4	9	0,005	1004088	77251	
4	4	9	0,010	1004033	154992	
4	4	9	0,015	1003802	217053	
4	4	9	0,020	1003158	279895	
4	4	9	0,025	1002376	345745	
4	4	10	0,005	1004059	70705	
4	4	10	0,010	1004078	148063	
4	4	10	0,015	1003830	207321	
4	4	10	0,020	1003141	272265	
4	4	10	0,025	1002306	345969	
4	8	3	0,005	1005050	17365	
4	8	3	0,010	1005888	28841	
4	8	3	0,015	1006824	35601	
4	8	3	0,020	1008055	41430	
4	8	3	0,025	1008890	48270	
4	8	4	0,005	1004990	16581	
4	8	4	0,010	1006005	28643	
4	8	4	0,015	1006815	35353	
4	8	4	0,020	1007842	42204	
4	8	4	0,025	1008750	50181	
4	8	5	0,005	1005289	15674	
4	8	5	0,010	1006089	28582	
4	8	5	0,015	1006723	34564	
4	8	5	0,020	1007678	41820	
4	8	5	0,025	1009001	50127	
4	8	6	0,005	1005210	16058	
4	8	6	0,010	1006070	27141	
4	8	6	0,015	1006937	33712	
4	8	6	0,020	1008022	40636	
4	8	6	0,025	1008838	49041	
4	8	7	0,005	1004950	15037	
4	8	7	0,010	1005900	27509	
4	8	7	0,015	1006576	33532	
4	8	7	0,020	1007725	39144	
4	8	7	0,025	1008851	47297	
4	8	8	0,005	1004748	13026	
4	8	8	0,010	1005664	24671	
4	8	8	0,015	1006398	31398	
4	8	8	0,020	1007216	38840	
4	8	8	0,025	1008207	47365	
4	8	9	0,005	1004886	13197	
4	8	9	0,010	1005635	25491	
4	8	9	0,015	1006233	32125	
4	8	9	0,020	1007069	37693	
4	8	9	0,025	1008064	44652	
4	8	10	0,005	1004822	12142	
4	8	10	0,010	1005430	24196	
4	8	10	0,015	1006064	30277	
4	8	10	0,020	1006838	36056	
4	8	10	0,025	1007745	43881	
4	10	3	0,005	1004960	9027	
4	10	3	0,010	1006188	16845	
4	10	3	0,015	1007509	19709	
4	10	3	0,020	1008579	22407	
4	10	3	0,025	1009036	25798	
4	10	4	0,005	1004928	8483	
4	10	4	0,010	1006005	16673	
4	10	4	0,015	1007548	19348	
4	10	4	0,020	1008585	22497	
4	10	4	0,025	1009426	26332	
4	10	5	0,005	1005002	7901	
4	10	5	0,010	1006224	16465	
4	10	5	0,015	1007558	19025	
4	10	5	0,020	1008439	21704	
4	10	5	0,025	1009460	25223	
4	10	6	0,005	1005037	8200	
4	10	6	0,010	1006200	15930	
4	10	6	0,015	1007335	18604	
4	10	6	0,020	1008482	21421	
4	10	6	0,025	1008811	25722	
4	10	7	0,005	1004884	7565	
4	10	7	0,010	1006310	16154	
4	10	7	0,015	1007268	18852	
4	10	7	0,020	1008269	20960	
4	10	7	0,025	1009011	24758	
4	10	8	0,005	1004693	6670	
4	10	8	0,010	1005710	14253	
4	10	8	0,015	1006965	17279	
4	10	8	0,020	1007706	20311	
4	10	8	0,025	1008470	24309	
4	10	9	0,005	1004693	6711	
4	10	9	0,010	1006107	14683	
4	10	9	0,015	1006782	17844	
4	10	9	0,020	1007449	20266	
4	10	9	0,025	1007954	23885	
4	10	10	0,005	1004666	6117	
4	10	10	0,010	1005815	13943	
4	10	10	0,015	1006834	16734	
4	10	10	0,020	1007540	19699	
4	10	10	0,025	1008073	23212	
4	16	3	0,005	1005143	3286	
4	16	3	0,010	1006330	5628	
4	16	3	0,015	1007707	6477	
4	16	3	0,020	1009224	7135	
4	16	3	0,025	1009752	7761	
4	16	4	0,005	1005140	3126	
4	16	4	0,010	1006339	5612	
4	16	4	0,015	1007973	6400	
4	16	4	0,020	1009512	7254	
4	16	4	0,025	1010443	8217	
4	16	5	0,005	1005243	2808	
4	16	5	0,010	1006658	5439	
4	16	5	0,015	1007846	6319	
4	16	5	0,020	1009358	6874	
4	16	5	0,025	1010299	7777	
4	16	6	0,005	1005231	2997	
4	16	6	0,010	1006528	5410	
4	16	6	0,015	1007976	6166	
4	16	6	0,020	1009321	6882	
4	16	6	0,025	1010148	7784	
4	16	7	0,005	1005039	2781	
4	16	7	0,010	1006440	5370	
4	16	7	0,015	1007893	6194	
4	16	7	0,020	1009155	6698	
4	16	7	0,025	1010221	7620	
4	16	8	0,005	1004847	2321	
4	16	8	0,010	1006340	4790	
4	16	8	0,015	1007634	5621	
4	16	8	0,020	1008778	6375	
4	16	8	0,025	1009795	7285	
4	16	9	0,005	1004984	2344	
4	16	9	0,010	1006331	4861	
4	16	9	0,015	1007444	5858	
4	16	9	0,020	1008582	6512	
4	16	9	0,025	1009255	7161	
4	16	10	0,005	1004819	2109	
4	16	10	0,010	1006308	4517	
4	16	10	0,015	1007375	5568	
4	16	10	0,020	1008537	6215	
4	16	10	0,025	1009620	7056	
4	20	3	0,005	1004986	1362	
4	20	3	0,010	1006520	3185	
4	20	3	0,015	1007495	4030	
4	20	3	0,020	1008259	4538	
4	20	3	0,025	1009008	4838	
4	20	4	0,005	1004875	1339	
4	20	4	0,010	1006443	3089	
4	20	4	0,015	1007466	3996	
4	20	4	0,020	1008770	4549	
4	20	4	0,025	1009633	4967	
4	20	5	0,005	1005000	1183	
4	20	5	0,010	1006449	3007	
4	20	5	0,015	1007485	3876	
4	20	5	0,020	1008556	4251	
4	20	5	0,025	1009518	4772	
4	20	6	0,005	1005026	1277	
4	20	6	0,010	1006649	3015	
4	20	6	0,015	1007343	3802	
4	20	6	0,020	1008477	4234	
4	20	6	0,025	1009342	4758	
4	20	7	0,005	1004913	1177	
4	20	7	0,010	1006394	2934	
4	20	7	0,015	1007339	3806	
4	20	7	0,020	1008041	4112	
4	20	7	0,025	1009182	4538	
4	20	8	0,005	1004654	1046	
4	20	8	0,010	1006189	2551	
4	20	8	0,015	1007029	3488	
4	20	8	0,020	1008206	3989	
4	20	8	0,025	1008862	4409	
4	20	9	0,005	1004800	1020	
4	20	9	0,010	1006132	2714	
4	20	9	0,015	1006960	3540	
4	20	9	0,020	1007471	4005	
4	20	9	0,025	1008444	4405	
4	20	10	0,005	1004526	909	
4	20	10	0,010	1006145	2513	
4	20	10	0,015	1006881	3438	
4	20	10	0,020	1007615	3795	
4	20	10	0,025	1008509	4277	
4	40	3	0,005	1004303	240	
4	40	3	0,010	1004504	497	
4	40	3	0,015	1002853	808	
4	40	3	0,020	1001020	1021	
4	40	3	0,025	999572	1059	
4	40	4	0,005	1004143	224	
4	40	4	0,010	1004272	509	
4	40	4	0,015	1002932	787	
4	40	4	0,020	1001389	1026	
4	40	4	0,025	1000138	1144	
4	40	5	0,005	1004134	219	
4	40	5	0,010	1004499	471	
4	40	5	0,015	1003232	732	
4	40	5	0,020	1001810	978	
4	40	5	0,025	1000612	1052	
4	40	6	0,005	1004201	244	
4	40	6	0,010	1004600	472	
4	40	6	0,015	1003637	739	
4	40	6	0,020	1002438	979	
4	40	6	0,025	1001312	1054	
4	40	7	0,005	1004213	271	
4	40	7	0,010	1004470	486	
4	40	7	0,015	1003618	711	
4	40	7	0,020	1002739	889	
4	40	7	0,025	1001447	1003	
4	40	8	0,005	1004098	234	
4	40	8	0,010	1004034	461	
4	40	8	0,015	1003655	638	
4	40	8	0,020	1002795	807	
4	40	8	0,025	1001705	948	
4	40	9	0,005	1004117	226	
4	40	9	0,010	1004297	409	
4	40	9	0,015	1003873	620	
4	40	9	0,020	1002901	829	
4	40	9	0,025	1002140	894	
4	40	10	0,005	1004076	226	
4	40	10	0,010	1004282	402	
4	40	10	0,015	1003567	599	
4	40	10	0,020	1002750	795	
4	40	10	0,025	1002004	894	
4	80	3	0,005	1003887	129	
4	80	3	0,010	1003666	141	
4	80	3	0,015	1003642	143	
4	80	3	0,020	1003284	158	
4	80	3	0,025	1002146	178	
4	80	4	0,005	1003887	145	
4	80	4	0,010	1003624	156	
4	80	4	0,015	1003624	156	
4	80	4	0,020	1003185	171	
4	80	4	0,025	1002473	179	
4	80	5	0,005	1003887	153	
4	80	5	0,010	1003796	159	
4	80	5	0,015	1003772	163	
4	80	5	0,020	1003264	172	
4	80	5	0,025	1002182	199	
4	80	6	0,005	1003887	156	
4	80	6	0,010	1003796	161	
4	80	6	0,015	1003772	164	
4	80	6	0,020	1003582	169	
4	80	6	0,025	1002632	192	
4	80	7	0,005	1003887	159	
4	80	7	0,010	1003863	165	
4	80	7	0,015	1003863	165	
4	80	7	0,020	1003274	178	
4	80	7	0,025	1002873	189	
4	80	8	0,005	1003887	160	
4	80	8	0,010	1003600	172	
4	80	8	0,015	1003600	172	
4	80	8	0,020	1003161	187	
4	80	8	0,025	1003094	187	
4	80	9	0,005	1003887	162	
4	80	9	0,010	1003796	167	
4	80	9	0,015	1003772	170	
4	80	9	0,020	1003582	179	
4	80	9	0,025	1002926	190	
4	80	10	0,005	1003887	164	
4	80	10	0,010	1003796	169	
4	80	10	0,015	1003772	175	
4	80	10	0,020	1003772	175	
4	80	10	0,025	1003111	192	
5	4	3	0,005	1004279	116882	
5	4	3	0,010	1004430	205357	
5	4	3	0,015	1004138	272780	
5	4	3	0,020	1003577	338184	
5	4	3	0,025	1002411	402379	
5	4	4	0,005	1004388	110781	
5	4	4	0,010	1004431	206679	
5	4	4	0,015	1004210	276690	
5	4	4	0,020	1003381	357515	
5	4	4	0,025	1002486	425782	
5	4	5	0,005	1004337	107580	
5	4	5	0,010	1004405	206176	
5	4	5	0,015	1004200	281878	
5	4	5	0,020	1003490	360688	
5	4	5	0,025	1002387	433761	
5	4	6	0,005	1004357	107347	
5	4	6	0,010	1004507	196351	
5	4	6	0,015	1004372	272412	
5	4	6	0,020	1003685	352066	
5	4	6	0,025	1002677	431612	
5	4	7	0,005	1004155	100948	
5	4	7	0,010	1004340	196395	
5	4	7	0,015	1004275	270623	
5	4	7	0,020	1003665	346738	
5	4	7	0,025	1002510	424285	
5	4	8	0,005	1004283	88374	
5	4	8	0,010	1004248	179609	
5	4	8	0,015	1004102	256103	
5	4	8	0,020	1003350	342804	
5	4	8	0,025	1002597	428999	
5	4	9	0,005	1004212	88535	
5	4	9	0,010	1004175	175055	
5	4	9	0,015	1004192	250887	
5	4	9	0,020	1003599	329697	
5	4	9	0,025	1002580	409175	
5	4	10	0,005	1004114	81563	
5	4	10	0,010	1004129	169277	
5	4	10	0,015	1004099	240339	
5	4	10	0,020	1003436	323905	
5	4	10	0,025	1002541	408174	
5	8	3	0,005	1005105	19607	
5	8	3	0,010	1005923	32433	
5	8	3	0,015	1007037	40620	
5	8	3	0,020	1008319	47766	
5	8	3	0,025	1009587	55971	
5	8	4	0,005	1005191	18670	
5	8	4	0,010	1005909	32660	
5	8	4	0,015	1007011	40835	
5	8	4	0,020	1008332	49016	
5	8	4	0,025	1009995	58547	
5	8	5	0,005	1005072	17812	
5	8	5	0,010	1005945	32615	
5	8	5	0,015	1006892	40374	
5	8	5	0,020	1008246	48884	
5	8	5	0,025	1009838	58666	
5	8	6	0,005	1005162	18198	
5	8	6	0,010	1006116	31045	
5	8	6	0,015	1007050	39210	
5	8	6	0,020	1008277	47553	
5	8	6	0,025	1009752	57721	
5	8	7	0,005	1005131	16949	
5	8	7	0,010	1005768	31287	
5	8	7	0,015	1006739	38836	
5	8	7	0,020	1008112	46267	
5	8	7	0,025	1009528	55907	
5	8	8	0,005	1004967	14862	
5	8	8	0,010	1005769	28310	
5	8	8	0,015	1006769	36403	
5	8	8	0,020	1007721	45833	
5	8	8	0,025	1009129	55746	
5	8	9	0,005	1004881	14968	
5	8	9	0,010	1005610	29021	
5	8	9	0,015	1006304	37247	
5	8	9	0,020	1007381	44116	
5	8	9	0,025	1008547	52993	
5	8	10	0,005	1004698	13758	
5	8	10	0,010	1005553	27843	
5	8	10	0,015	1006321	35108	
5	8	10	0,020	1007343	42416	
5	8	10	0,025	1008527	52300	
5	10	3	0,005	1005093	10130	
5	10	3	0,010	1006410	18843	
5	10	3	0,015	1007927	22245	
5	10	3	0,020	1009310	25637	
5	10	3	0,025	1009821	29435	
5	10	4	0,005	1005004	9488	
5	10	4	0,010	1006319	18914	
5	10	4	0,015	1007838	22155	
5	10	4	0,020	1009366	25749	
5	10	4	0,025	1010190	30058	
5	10	5	0,005	1005158	8874	
5	10	5	0,010	1006436	18549	
5	10	5	0,015	1007998	21944	
5	10	5	0,020	1009153	25292	
5	10	5	0,025	1010244	29612	
5	10	6	0,005	1005173	9309	
5	10	6	0,010	1006403	18056	
5	10	6	0,015	1007733	21315	
5	10	6	0,020	1009182	24903	
5	10	6	0,025	1009826	29475	
5	10	7	0,005	1005131	8491	
5	10	7	0,010	1006375	17924	
5	10	7	0,015	1007660	21638	
5	10	7	0,020	1008828	24476	
5	10	7	0,025	1009765	28930	
5	10	8	0,005	1004828	7496	
5	10	8	0,010	1006155	16199	
5	10	8	0,015	1007406	20087	
5	10	8	0,020	1008475	23637	
5	10	8	0,025	1009318	28161	
5	10	9	0,005	1004875	7513	
5	10	9	0,010	1006098	16462	
5	10	9	0,015	1007113	20419	
5	10	9	0,020	1008191	23811	
5	10	9	0,025	1008982	27646	
5	10	10	0,005	1004867	6818	
5	10	10	0,010	1005897	15930	
5	10	10	0,015	1007063	19532	
5	10	10	0,020	1008036	23066	
5	10	10	0,025	1008869	27056	
5	16	3	0,005	1005329	3615	
5	16	3	0,010	1006731	6213	
5	16	3	0,015	1008280	7247	
5	16	3	0,020	1009971	7994	
5	16	3	0,025	1010611	8645	
5	16	4	0,005	1005176	3434	
5	16	4	0,010	1006722	6248	
5	16	4	0,015	1008670	7246	
5	16	4	0,020	1010343	8283	
5	16	4	0,025	1011394	9146	
5	16	5	0,005	1005407	3087	
5	16	5	0,010	1006899	6019	
5	16	5	0,015	1008592	7089	
5	16	5	0,020	1010025	7893	
5	16	5	0,025	1011347	8731	
5	16	6	0,005	1005291	3286	
5	16	6	0,010	1006855	6003	
5	16	6	0,015	1008677	7023	
5	16	6	0,020	1009952	7898	
5	16	6	0,025	1011039	8754	
5	16	7	0,005	1005202	3068	
5	16	7	0,010	1006907	5869	
5	16	7	0,015	1008430	6942	
5	16	7	0,020	1009825	7679	
5	16	7	0,025	1011025	8683	
5	16	8	0,005	1004979	2622	
5	16	8	0,010	1006659	5349	
5	16	8	0,015	1008314	6419	
5	16	8	0,020	1009671	7363	
5	16	8	0,025	1010673	8299	
5	16	9	0,005	1005095	2552	
5	16	9	0,010	1006505	5402	
5	16	9	0,015	1007739	6592	
5	16	9	0,020	1009114	7464	
5	16	9	0,025	1010092	8242	
5	16	10	0,005	1004932	2353	
5	16	10	0,010	1006613	5066	
5	16	10	0,015	1007983	6296	
5	16	10	0,020	1009183	7247	
5	16	10	0,025	1010308	7974	
5	20	3	0,005	1004991	1467	
5	20	3	0,010	1006514	3528	
5	20	3	0,015	1007710	4531	
5	20	3	0,020	1008590	5114	
5	20	3	0,025	1008914	5346	
5	20	4	0,005	1004851	1456	
5	20	4	0,010	1006229	3445	
5	20	4	0,015	1007669	4489	
5	20	4	0,020	1009028	5152	
5	20	4	0,025	1009617	5488	
5	20	5	0,005	1004940	1257	
5	20	5	0,010	1006519	3372	
5	20	5	0,015	1007825	4264	
5	20	5	0,020	1009157	4870	
5	20	5	0,025	1009818	5305	
5	20	6	0,005	1004985	1376	
5	20	6	0,010	1006788	3331	
5	20	6	0,015	1007707	4268	
5	20	6	0,020	1008717	4875	
5	20	6	0,025	1009630	5303	
5	20	7	0,005	1004957	1256	
5	20	7	0,010	1006735	3242	
5	20	7	0,015	1007477	4254	
5	20	7	0,020	1008357	4708	
5	20	7	0,025	1009428	5118	
5	20	8	0,005	1004597	1131	
5	20	8	0,010	1006157	2851	
5	20	8	0,015	1007325	3927	
5	20	8	0,020	1008700	4527	
5	20	8	0,025	1009375	4939	
5	20	9	0,005	1004654	1085	
5	20	9	0,010	1006209	3060	
5	20	9	0,015	1007093	3997	
5	20	9	0,020	1007946	4530	
5	20	9	0,025	1008759	4975	
5	20	10	0,005	1004461	973
5	20	10	0,010	1006290	2814	
5	20	10	0,015	1007024	3739	
5	20	10	0,020	1008014	4343	
5	20	10	0,025	1008854	4749	
5	40	3	0,005	1004279	255	
5	40	3	0,010	1004445	546	
5	40	3	0,015	1002630	854	
5	40	3	0,020	1000494	1089	
5	40	3	0,025	998830	1189	
5	40	4	0,005	1004089	228	
5	40	4	0,010	1004202	536	
5	40	4	0,015	1002640	846	
5	40	4	0,020	1001232	1094	
5	40	4	0,025	999539	1253	
5	40	5	0,005	1004037	230	
5	40	5	0,010	1004490	518	
5	40	5	0,015	1003142	796		
5	40	5	0,020	1001557	1018	
5	40	5	0,025	1000070	1153	
5	40	6	0,005	1004201	246	
5	40	6	0,010	1004559	498	
5	40	6	0,015	1003539	791	
5	40	6	0,020	1002231	1052	
5	40	6	0,025	1000710	1187	
5	40	7	0,005	1004221	279	
5	40	7	0,010	1004351	509	
5	40	7	0,015	1003553	779	
5	40	7	0,020	1002318	939	
5	40	7	0,025	1001070	1096	
5	40	8	0,005	1004043	238	
5	40	8	0,010	1004056	472	
5	40	8	0,015	1003444	690	
5	40	8	0,020	1002639	863	
5	40	8	0,025	1001434	1006	
5	40	9	0,005	1004106	229	
5	40	9	0,010	1004295	449	
5	40	9	0,015	1003788	658	
5	40	9	0,020	1002791	852	
5	40	9	0,025	1001753	1001	
5	40	10	0,005	1004032	232	
5	40	10	0,010	1004275	431	
5	40	10	0,015	1003507	644	
5	40	10	0,020	1002528	826	
5	40	10	0,025	1001725	938	
5	80	3	0,005	1003887	129	
5	80	3	0,010	1003666	141	
5	80	3	0,015	1003642	143	
5	80	3	0,020	1003284	158	
5	80	3	0,025	1002146	178	
5	80	4	0,005	1003887	145	
5	80	4	0,010	1003624	156	
5	80	4	0,015	1003624	156	
5	80	4	0,020	1003185	171	
5	80	4	0,025	1002408	184	
5	80	5	0,005	1003887	153	
5	80	5	0,010	1003796	159	
5	80	5	0,015	1003772	163	
5	80	5	0,020	1003264	172	
5	80	5	0,025	1002182	199	
5	80	6	0,005	1003887	156	
5	80	6	0,010	1003796	161	
5	80	6	0,015	1003772	164	
5	80	6	0,020	1003582	169	
5	80	6	0,025	1002567	197	
5	80	7	0,005	1003887	159	
5	80	7	0,010	1003863	165	
5	80	7	0,015	1003863	165	
5	80	7	0,020	1003274	178	
5	80	7	0,025	1002808	192	
5	80	8	0,005	1003887	160	
5	80	8	0,010	1003600	172	
5	80	8	0,015	1003600	172	
5	80	8	0,020	1003161	187	
5	80	8	0,025	1003094	187	
5	80	9	0,005	1003887	162	
5	80	9	0,010	1003796	167	
5	80	9	0,015	1003772	170	
5	80	9	0,020	1003582	179	
5	80	9	0,025	1002926	190	
5	80	10	0,005	1003887	164	
5	80	10	0,010	1003796	169	
5	80	10	0,015	1003772	175	
5	80	10	0,020	1003772	175	
5	80	10	0,025	1003111	192	
6	4	3	0,005	1004042	128693	
6	4	3	0,010	1004184	226181	
6	4	3	0,015	1003750	306687	
6	4	3	0,020	1002852	387050	
6	4	3	0,025	1001897	463923	
6	4	4	0,005	1004138	121385	
6	4	4	0,010	1004062	228362	
6	4	4	0,015	1003727	314656	
6	4	4	0,020	1002856	407889	
6	4	4	0,025	1001738	490520	
6	4	5	0,005	1004148	119020	
6	4	5	0,010	1003985	227812	
6	4	5	0,015	1003755	317940	
6	4	5	0,020	1002790	416387	
6	4	5	0,025	1001566	498970	
6	4	6	0,005	1004094	118528	
6	4	6	0,010	1004128	218606	
6	4	6	0,015	1003723	308212	
6	4	6	0,020	1003064	406559	
6	4	6	0,025	1001767	496590	
6	4	7	0,005	1004038	111217	
6	4	7	0,010	1003949	216442	
6	4	7	0,015	1003796	306090	
6	4	7	0,020	1002937	399636	
6	4	7	0,025	1001760	490284	
6	4	8	0,005	1003975	98541	
6	4	8	0,010	1003956	200327	
6	4	8	0,015	1003693	292708	
6	4	8	0,020	1002995	394036	
6	4	8	0,025	1002003	494268	
6	4	9	0,005	1003957	99079	
6	4	9	0,010	1003821	193947	
6	4	9	0,015	1003838	283714	
6	4	9	0,020	1002889	382240	
6	4	9	0,025	1001983	473240	
6	4	10	0,005	1003985	92141	
6	4	10	0,010	1003978	189036	
6	4	10	0,015	1003699	274993	
6	4	10	0,020	1003060	376357	
6	4	10	0,025	1001964	472828	
6	8	3	0,005	1005072	21908	
6	8	3	0,010	1005935	35720	
6	8	3	0,015	1006809	45537	
6	8	3	0,020	1007817	54300	
6	8	3	0,025	1008476	63836	
6	8	4	0,005	1005035	20684	
6	8	4	0,010	1005950	36388	
6	8	4	0,015	1006803	46051	
6	8	4	0,020	1008066	56238	
6	8	4	0,025	1008907	66743	
6	8	5	0,005	1005024	19684	
6	8	5	0,010	1006031	36496	
6	8	5	0,015	1007030	45728	
6	8	5	0,020	1008033	56548	
6	8	5	0,025	1008951	67702	
6	8	6	0,005	1005232	20363	
6	8	6	0,010	1005968	34785	
6	8	6	0,015	1006798	44902	
6	8	6	0,020	1007993	55054	
6	8	6	0,025	1009074	66077	
6	8	7	0,005	1004871	18827	
6	8	7	0,010	1005937	34552	
6	8	7	0,015	1006897	43696	
6	8	7	0,020	1007772	53251	
6	8	7	0,025	1008705	64350	
6	8	8	0,005	1004852	16777	
6	8	8	0,010	1005778	31886	
6	8	8	0,015	1006458	41329	
6	8	8	0,020	1007424	52775	
6	8	8	0,025	1008476	64204	
6	8	9	0,005	1004892	16891	
6	8	9	0,010	1005580	32266	
6	8	9	0,015	1006198	41714	
6	8	9	0,020	1007363	50833	
6	8	9	0,025	1008072	61184	
6	8	10	0,005	1004832	15629	
6	8	10	0,010	1005635	31387	
6	8	10	0,015	1006338	39641	
6	8	10	0,020	1007245	49032	
6	8	10	0,025	1008076	60310	
6	10	3	0,005	1005144	11259	
6	10	3	0,010	1006406	20522	
6	10	3	0,015	1007807	24570	
6	10	3	0,020	1008984	28899	
6	10	3	0,025	1009300	33180	
6	10	4	0,005	1005112	10550	
6	10	4	0,010	1006341	20776	
6	10	4	0,015	1007738	24742	
6	10	4	0,020	1008986	29170	
6	10	4	0,025	1009703	34047	
6	10	5	0,005	1005109	9759	
6	10	5	0,010	1006493	20624	
6	10	5	0,015	1007754	24453	
6	10	5	0,020	1009153	28779	
6	10	5	0,025	1009851	33910	
6	10	6	0,005	1005260	10271	
6	10	6	0,010	1006428	19987	
6	10	6	0,015	1007568	23841	
6	10	6	0,020	1009002	28401	
6	10	6	0,025	1009632	33684	
6	10	7	0,005	1005166	9343	
6	10	7	0,010	1006443	19903	
6	10	7	0,015	1007463	23995	
6	10	7	0,020	1008805	27945	
6	10	7	0,025	1009510	32905	
6	10	8	0,005	1004937	8463	
6	10	8	0,010	1006349	18121	
6	10	8	0,015	1007398	22507	
6	10	8	0,020	1008349	26851	
6	10	8	0,025	1009084	32208	
6	10	9	0,005	1004863	8275	
6	10	9	0,010	1006280	18167	
6	10	9	0,015	1007089	22852	
6	10	9	0,020	1008077	27071	
6	10	9	0,025	1008785	31540	
6	10	10	0,005	1004821	7551	
6	10	10	0,010	1006152	17930	
6	10	10	0,015	1006987	22051	
6	10	10	0,020	1007900	26298	
6	10	10	0,025	1008741	31061	
6	16	3	0,005	1005522	3994	
6	16	3	0,010	1006801	6729	
6	16	3	0,015	1008131	7992	
6	16	3	0,020	1009479	8809	
6	16	3	0,025	1009751	9555	
6	16	4	0,005	1005311	3713	
6	16	4	0,010	1006598	6838	
6	16	4	0,015	1008424	8037	
6	16	4	0,020	1009915	9177	
6	16	4	0,025	1010574	10138	
6	16	5	0,005	1005532	3442	
6	16	5	0,010	1007065	6515	
6	16	5	0,015	1008567	7873	
6	16	5	0,020	1009875	8899	
6	16	5	0,025	1010689	9746	
6	16	6	0,005	1005492	3619	
6	16	6	0,010	1007019	6483	
6	16	6	0,015	1008363	7825	
6	16	6	0,020	1009612	8826	
6	16	6	0,025	1010452	9678	
6	16	7	0,005	1005148	3346	
6	16	7	0,010	1006856	6438	
6	16	7	0,015	1008310	7704	
6	16	7	0,020	1009501	8406	
6	16	7	0,025	1010399	9606	
6	16	8	0,005	1005042	2850	
6	16	8	0,010	1006807	5902	
6	16	8	0,015	1008081	7137	
6	16	8	0,020	1009521	8156	
6	16	8	0,025	1010177	9297	
6	16	9	0,005	1005112	2790	
6	16	9	0,010	1006715	5878	
6	16	9	0,015	1007583	7331	
6	16	9	0,020	1008952	8369	
6	16	9	0,025	1009636	9100	
6	16	10	0,005	1004997	2558	
6	16	10	0,010	1006581	5533	
6	16	10	0,015	1007886	7071	
6	16	10	0,020	1008869	8033	
6	16	10	0,025	1009814	8885	
6	20	3	0,005	1004987	1626	
6	20	3	0,010	1006318	3761	
6	20	3	0,015	1007368	4891	
6	20	3	0,020	1007803	5539	
6	20	3	0,025	1007607	5841	
6	20	4	0,005	1004887	1591	
6	20	4	0,010	1006179	3710	
6	20	4	0,015	1007426	4914	
6	20	4	0,020	1008328	5664	
6	20	4	0,025	1008430	6082	
6	20	5	0,005	1004989	1354	
6	20	5	0,010	1006329	3656	
6	20	5	0,015	1007649	4660	
6	20	5	0,020	1008261	5334	
6	20	5	0,025	1008578	5885	
6	20	6	0,005	1005014	1544	
6	20	6	0,010	1006615	3632	
6	20	6	0,015	1007423	4642	
6	20	6	0,020	1008142	5371	
6	20	6	0,025	1008507	5888	
6	20	7	0,005	1004847	1336	
6	20	7	0,010	1006464	3529	
6	20	7	0,015	1007061	4639	
6	20	7	0,020	1007845	5191	
6	20	7	0,025	1008497	5646	
6	20	8	0,005	1004711	1218	
6	20	8	0,010	1006273	3114	
6	20	8	0,015	1007230	4345	
6	20	8	0,020	1008057	5036	
6	20	8	0,025	1008347	5510	
6	20	9	0,005	1004658	1227	
6	20	9	0,010	1006240	3327	
6	20	9	0,015	1006925	4393	
6	20	9	0,020	1007550	5001	
6	20	9	0,025	1007985	5513	
6	20	10	0,005	1004518	1065	
6	20	10	0,010	1006203	3091	
6	20	10	0,015	1006813	4094	
6	20	10	0,020	1007649	4878	
6	20	10	0,025	1008005	5365	
6	40	3	0,005	1004329	268	
6	40	3	0,010	1004115	562	
6	40	3	0,015	1002323	882	
6	40	3	0,020	999899	1155	
6	40	3	0,025	998233	1258	
6	40	4	0,005	1004140	238	
6	40	4	0,010	1004037	560	
6	40	4	0,015	1002379	901	
6	40	4	0,020	1000683	1157	
6	40	4	0,025	998713	1339	
6	40	5	0,005	1004127	244	
6	40	5	0,010	1004360	529	
6	40	5	0,015	1002843	830	
6	40	5	0,020	1000924	1074	
6	40	5	0,025	999150	1252	
6	40	6	0,005	1004222	249	
6	40	6	0,010	1004318	524	
6	40	6	0,015	1003256	826	
6	40	6	0,020	1001555	1097	
6	40	6	0,025	999938	1272	
6	40	7	0,005	1004207	286	
6	40	7	0,010	1004124	524	
6	40	7	0,015	1003181	809	
6	40	7	0,020	1001821	992	
6	40	7	0,025	1000433	1190	
6	40	8	0,005	1004078	248	
6	40	8	0,010	1003926	497	
6	40	8	0,015	1003327	737	
6	40	8	0,020	1002246	882	
6	40	8	0,025	1000757	1093	
6	40	9	0,005	1004134	243	
6	40	9	0,010	1004205	455	
6	40	9	0,015	1003588	698	
6	40	9	0,020	1002227	909	
6	40	9	0,025	1001107	1057	
6	40	10	0,005	1004056	235	
6	40	10	0,010	1004155	435	
6	40	10	0,015	1003420	684	
6	40	10	0,020	1002128	870	
6	40	10	0,025	1001032	1044	
6	80	3	0,005	1003887	129	
6	80	3	0,010	1003666	141	
6	80	3	0,015	1003642	143	
6	80	3	0,020	1003284	158	
6	80	3	0,025	1001939	182	
6	80	4	0,005	1003887	145	
6	80	4	0,010	1003624	156	
6	80	4	0,015	1003624	156	
6	80	4	0,020	1003185	171	
6	80	4	0,025	1002201	186	
6	80	5	0,005	1003887	153	
6	80	5	0,010	1003796	159	
6	80	5	0,015	1003772	163	
6	80	5	0,020	1003264	172	
6	80	5	0,025	1002182	199	
6	80	6	0,005	1003887	156	
6	80	6	0,010	1003796	161	
6	80	6	0,015	1003772	164	
6	80	6	0,020	1003582	169	
6	80	6	0,025	1002360	202	
6	80	7	0,005	1003887	159	
6	80	7	0,010	1003863	165	
6	80	7	0,015	1003863	165	
6	80	7	0,020	1003274	178	
6	80	7	0,025	1002808	192	
6	80	8	0,005	1003887	160	
6	80	8	0,010	1003600	172	
6	80	8	0,015	1003600	172	
6	80	8	0,020	1003161	187	
6	80	8	0,025	1002887	190	
6	80	9	0,005	1003887	162	
6	80	9	0,010	1003796	167	
6	80	9	0,015	1003772	170	
6	80	9	0,020	1003582	179	
6	80	9	0,025	1002926	190	
6	80	10	0,005	1003887	164	
6	80	10	0,010	1003796	169	
6	80	10	0,015	1003772	175	
6	80	10	0,020	1003772	175	
6	80	10	0,025	1002924	194	
7	4	3	0,005	1004201	139508	
7	4	3	0,010	1004351	244562	
7	4	3	0,015	1003995	339443	
7	4	3	0,020	1002982	432295	
7	4	3	0,025	1001742	521498	
7	4	4	0,005	1004065	131996	
7	4	4	0,010	1004352	247379	
7	4	4	0,015	1004014	352288	
7	4	4	0,020	1002978	456747	
7	4	4	0,025	1001606	554066	
7	4	5	0,005	1004129	129458	
7	4	5	0,010	1004234	248790	
7	4	5	0,015	1004004	353162	
7	4	5	0,020	1002999	466704	
7	4	5	0,025	1001567	564135	
7	4	6	0,005	1004178	129863	
7	4	6	0,010	1004343	237961	
7	4	6	0,015	1003988	342470	
7	4	6	0,020	1003151	455399	
7	4	6	0,025	1001821	557864	
7	4	7	0,005	1004170	122304	
7	4	7	0,010	1004329	234813	
7	4	7	0,015	1003965	339041	
7	4	7	0,020	1003193	450545	
7	4	7	0,025	1001823	554011	
7	4	8	0,005	1003845	109253	
7	4	8	0,010	1004214	219915	
7	4	8	0,015	1004035	327661	
7	4	8	0,020	1003135	443334	
7	4	8	0,025	1001896	555770	
7	4	9	0,005	1004071	109038	
7	4	9	0,010	1004227	211944	
7	4	9	0,015	1004010	316191	
7	4	9	0,020	1003062	430109	
7	4	9	0,025	1001834	534132	
7	4	10	0,005	1004020	102353	
7	4	10	0,010	1004146	207652	
7	4	10	0,015	1004017	307357	
7	4	10	0,020	1003136	424238	
7	4	10	0,025	1001903	535406	
7	8	3	0,005	1004939	24118	
7	8	3	0,010	1005636	38659	
7	8	3	0,015	1006201	49911	
7	8	3	0,020	1006524	60468	
7	8	3	0,025	1006713	71870	
7	8	4	0,005	1005041	22767	
7	8	4	0,010	1005937	39480	
7	8	4	0,015	1006171	51175	
7	8	4	0,020	1006689	62966	
7	8	4	0,025	1006783	74865	
7	8	5	0,005	1005050	21885	
7	8	5	0,010	1005941	39714	
7	8	5	0,015	1006341	51057	
7	8	5	0,020	1006787	63338	
7	8	5	0,025	1006996	76341	
7	8	6	0,005	1005044	22447	
7	8	6	0,010	1005893	37983	
7	8	6	0,015	1006308	50034	
7	8	6	0,020	1006666	61779	
7	8	6	0,025	1007334	74435	
7	8	7	0,005	1004887	20968	
7	8	7	0,010	1005858	37788	
7	8	7	0,015	1006349	48741	
7	8	7	0,020	1006660	60258	
7	8	7	0,025	1006901	73081	
7	8	8	0,005	1004878	18585	
7	8	8	0,010	1005607	34923	
7	8	8	0,015	1006004	46370	
7	8	8	0,020	1006564	59249	
7	8	8	0,025	1006864	72503	
7	8	9	0,005	1004813	18879	
7	8	9	0,010	1005430	35104	
7	8	9	0,015	1005950	46283	
7	8	9	0,020	1006222	56932	
7	8	9	0,025	1006441	69586	
7	8	10	0,005	1004822	17466	
7	8	10	0,010	1005689	34539	
7	8	10	0,015	1005887	44100	
7	8	10	0,020	1006248	55323	
7	8	10	0,025	1006579	68216	
7	10	3	0,005	1005179	12373	
7	10	3	0,010	1006295	22192	
7	10	3	0,015	1007924	26887	
7	10	3	0,020	1009041	31809	
7	10	3	0,025	1009605	36950	
7	10	4	0,005	1005098	11553	
7	10	4	0,010	1006310	22528	
7	10	4	0,015	1008046	27264	
7	10	4	0,020	1009214	32213	
7	10	4	0,025	1010159	37984	
7	10	5	0,005	1005147	10773	
7	10	5	0,010	1006437	22345	
7	10	5	0,015	1008060	27047	
7	10	5	0,020	1009347	32094	
7	10	5	0,025	1010527	38393	
7	10	6	0,005	1005222	11376	
7	10	6	0,010	1006505	21731	
7	10	6	0,015	1007898	26168	
7	10	6	0,020	1009225	31512	
7	10	6	0,025	1010029	37673	
7	10	7	0,005	1005092	10298	
7	10	7	0,010	1006463	21426	
7	10	7	0,015	1007831	26421	
7	10	7	0,020	1009001	30885	
7	10	7	0,025	1009990	37132	
7	10	8	0,005	1004861	9203	
7	10	8	0,010	1006326	19876	
7	10	8	0,015	1007646	25036	
7	10	8	0,020	1008642	29847	
7	10	8	0,025	1009742	35982	
7	10	9	0,005	1004930	9201	
7	10	9	0,010	1006264	19815	
7	10	9	0,015	1007147	25371	
7	10	9	0,020	1008161	29926	
7	10	9	0,025	1009332	35432	
7	10	10	0,005	1004982	8477	
7	10	10	0,010	1006282	19604	
7	10	10	0,015	1007246	24486	
7	10	10	0,020	1008326	29113	
7	10	10	0,025	1009425	35017	
7	16	3	0,005	1005431	4347	
7	16	3	0,010	1006372	7173	
7	16	3	0,015	1007885	8657	
7	16	3	0,020	1009518	9588	
7	16	3	0,025	1009857	10492	
7	16	4	0,005	1005219	4027	
7	16	4	0,010	1006465	7348	
7	16	4	0,015	1008158	8797	
7	16	4	0,020	1009880	10009	
7	16	4	0,025	1010670	10960	
7	16	5	0,005	1005522	3705	
7	16	5	0,010	1006639	7155	
7	16	5	0,015	1008235	8600	
7	16	5	0,020	1009814	9723	
7	16	5	0,025	1010876	10788	
7	16	6	0,005	1005373	3955	
7	16	6	0,010	1006776	6923	
7	16	6	0,015	1008116	8493	
7	16	6	0,020	1009560	9685	
7	16	6	0,025	1010324	10728	
7	16	7	0,005	1005199	3579	
7	16	7	0,010	1006682	6920	
7	16	7	0,015	1008083	8391	
7	16	7	0,020	1009195	9327	
7	16	7	0,025	1010350	10599	
7	16	8	0,005	1004963	3062	
7	16	8	0,010	1006536	6372	
7	16	8	0,015	1007679	7851	
7	16	8	0,020	1009161	8944	
7	16	8	0,025	1009960	10159	
7	16	9	0,005	1005069	3061	
7	16	9	0,010	1006393	6379	
7	16	9	0,015	1007347	8024	
7	16	9	0,020	1008585	9134	
7	16	9	0,025	1009289	10193	
7	16	10	0,005	1004915	2761	
7	16	10	0,010	1006351	6055	
7	16	10	0,015	1007769	7754	
7	16	10	0,020	1008891	8760	
7	16	10	0,025	1010005	9824	
7	20	3	0,005	1005194	1759	
7	20	3	0,010	1006263	3986	
7	20	3	0,015	1007547	5239	
7	20	3	0,020	1008318	5973	
7	20	3	0,025	1008598	6288	
7	20	4	0,005	1004917	1713	
7	20	4	0,010	1006117	4004	
7	20	4	0,015	1007609	5344	
7	20	4	0,020	1008682	6072	
7	20	4	0,025	1009241	6610	
7	20	5	0,005	1004996	1450	
7	20	5	0,010	1006472	3910	
7	20	5	0,015	1007929	5060	
7	20	5	0,020	1008853	5869	
7	20	5	0,025	1009510	6534	
7	20	6	0,005	1005206	1642	
7	20	6	0,010	1006570	3834	
7	20	6	0,015	1007734	5081	
7	20	6	0,020	1008694	5857	
7	20	6	0,025	1009585	6418	
7	20	7	0,005	1004915	1424	
7	20	7	0,010	1006483	3773	
7	20	7	0,015	1007494	5090	
7	20	7	0,020	1008346	5647	
7	20	7	0,025	1009213	6245	
7	20	8	0,005	1004696	1297	
7	20	8	0,010	1006381	3377	
7	20	8	0,015	1007680	4744	
7	20	8	0,020	1008806	5500	
7	20	8	0,025	1009145	6083	
7	20	9	0,005	1004842	1309	
7	20	9	0,010	1006309	3543	
7	20	9	0,015	1007356	4842	
7	20	9	0,020	1008229	5480	
7	20	9	0,025	1008717	6088	
7	20	10	0,005	1004508	1109	
7	20	10	0,010	1006381	3372	
7	20	10	0,015	1007290	4535	
7	20	10	0,020	1008118	5392	
7	20	10	0,025	1008836	5957	
7	40	3	0,005	1004255	274	
7	40	3	0,010	1003937	588	
7	40	3	0,015	1002042	940	
7	40	3	0,020	999756	1231	
7	40	3	0,025	998521	1326	
7	40	4	0,005	1004060	241	
7	40	4	0,010	1003892	581	
7	40	4	0,015	1002174	944	
7	40	4	0,020	1000505	1209	
7	40	4	0,025	998977	1385	
7	40	5	0,005	1004105	244	
7	40	5	0,010	1004116	553	
7	40	5	0,015	1002609	881	
7	40	5	0,020	1000725	1123	
7	40	5	0,025	999474	1330	
7	40	6	0,005	1004208	252	
7	40	6	0,010	1004217	563	
7	40	6	0,015	1003054	873	
7	40	6	0,020	1001418	1156	
7	40	6	0,025	1000050	1324	
7	40	7	0,005	1004215	285	
7	40	7	0,010	1004099	546	
7	40	7	0,015	1003149	837	
7	40	7	0,020	1001786	1047	
7	40	7	0,025	1000592	1270	
7	40	8	0,005	1004023	248	
7	40	8	0,010	1003812	523	
7	40	8	0,015	1003153	764	
7	40	8	0,020	1002115	942	
7	40	8	0,025	1000729	1145	
7	40	9	0,005	1004129	249	
7	40	9	0,010	1004131	467	
7	40	9	0,015	1003457	731	
7	40	9	0,020	1002254	973	
7	40	9	0,025	1001124	1154	
7	40	10	0,005	1004045	234	
7	40	10	0,010	1004074	455	
7	40	10	0,015	1003296	727	
7	40	10	0,020	1001970	921	
7	40	10	0,025	1001252	1085	
7	80	3	0,005	1003887	129	
7	80	3	0,010	1003666	141	
7	80	3	0,015	1003642	143	
7	80	3	0,020	1003284	158	
7	80	3	0,025	1001967	184	
7	80	4	0,005	1003887	145	
7	80	4	0,010	1003624	156	
7	80	4	0,015	1003624	156	
7	80	4	0,020	1003185	171	
7	80	4	0,025	1002229	188	
7	80	5	0,005	1003887	153	
7	80	5	0,010	1003796	159	
7	80	5	0,015	1003772	163	
7	80	5	0,020	1003227	180	
7	80	5	0,025	1002182	199	
7	80	6	0,005	1003887	156	
7	80	6	0,010	1003796	161	
7	80	6	0,015	1003772	164	
7	80	6	0,020	1003582	169	
7	80	6	0,025	1002388	202	
7	80	7	0,005	1003887	159	
7	80	7	0,010	1003863	165	
7	80	7	0,015	1003863	165	
7	80	7	0,020	1003274	178	
7	80	7	0,025	1002808	192	
7	80	8	0,005	1003887	160	
7	80	8	0,010	1003600	172	
7	80	8	0,015	1003600	172	
7	80	8	0,020	1003161	187	
7	80	8	0,025	1002915	191	
7	80	9	0,005	1003887	162	
7	80	9	0,010	1003796	167	
7	80	9	0,015	1003772	170	
7	80	9	0,020	1003582	179	
7	80	9	0,025	1002926	190	
7	80	10	0,005	1003887	164	
7	80	10	0,010	1003796	169	
7	80	10	0,015	1003772	175	
7	80	10	0,020	1003772	175	
7	80	10	0,025	1002924	194	
8	4	3	0,005	1004132	148610	
8	4	3	0,010	1004056	260863	
8	4	3	0,015	1003604	369820	
8	4	3	0,020	1002234	478044	
8	4	3	0,025	1000901	572913	
8	4	4	0,005	1004000	143333	
8	4	4	0,010	1004099	265768	
8	4	4	0,015	1003679	385659	
8	4	4	0,020	1002106	502649	
8	4	4	0,025	1000604	611998	
8	4	5	0,005	1004230	140961	
8	4	5	0,010	1004051	267746	
8	4	5	0,015	1003537	389340	
8	4	5	0,020	1002227	514066	
8	4	5	0,025	1000705	628733	
8	4	6	0,005	1004210	142303	
8	4	6	0,010	1004103	256599	
8	4	6	0,015	1003648	375348	
8	4	6	0,020	1002407	503838	
8	4	6	0,025	1001007	615727	
8	4	7	0,005	1004189	133949	
8	4	7	0,010	1004124	252720	
8	4	7	0,015	1003841	371000	
8	4	7	0,020	1002384	499056	
8	4	7	0,025	1000952	611012	
8	4	8	0,005	1004020	121944	
8	4	8	0,010	1004178	239758	
8	4	8	0,015	1003614	361081	
8	4	8	0,020	1002425	492420	
8	4	8	0,025	1001072	612259	
8	4	9	0,005	1004096	119757	
8	4	9	0,010	1003943	230171	
8	4	9	0,015	1003742	347957	
8	4	9	0,020	1002615	476680	
8	4	9	0,025	1001256	591317	
8	4	10	0,005	1004078	114396	
8	4	10	0,010	1004054	225975	
8	4	10	0,015	1003613	340587	
8	4	10	0,020	1002438	471439	
8	4	10	0,025	1001008	592424	
8	8	3	0,005	1004941	26125	
8	8	3	0,010	1005253	41536	
8	8	3	0,015	1005824	53676	
8	8	3	0,020	1005895	66297	
8	8	3	0,025	1006006	79120	
8	8	4	0,005	1004890	24911	
8	8	4	0,010	1005380	42492	
8	8	4	0,015	1005798	55621	
8	8	4	0,020	1006156	69101	
8	8	4	0,025	1006144	82317	
8	8	5	0,005	1005023	24266	
8	8	5	0,010	1005685	42700	
8	8	5	0,015	1005852	55941	
8	8	5	0,020	1006231	69886	
8	8	5	0,025	1006338	84721	
8	8	6	0,005	1005074	24946	
8	8	6	0,010	1005579	41087	
8	8	6	0,015	1006022	54596	
8	8	6	0,020	1006064	67802	
8	8	6	0,025	1006310	82301	
8	8	7	0,005	1004899	23282	
8	8	7	0,010	1005577	41063	
8	8	7	0,015	1006029	52733	
8	8	7	0,020	1006061	66216	
8	8	7	0,025	1005976	81026	
8	8	8	0,005	1004873	20898	
8	8	8	0,010	1005431	38090	
8	8	8	0,015	1005889	51153	
8	8	8	0,020	1006186	65514	
8	8	8	0,025	1006144	80266	
8	8	9	0,005	1004976	20925	
8	8	9	0,010	1005535	38018	
8	8	9	0,015	1005712	50363	
8	8	9	0,020	1005878	62947	
8	8	9	0,025	1005846	77531	
8	8	10	0,005	1004921	19652	
8	8	10	0,010	1005510	37726	
8	8	10	0,015	1005687	48499	
8	8	10	0,020	1005813	61198	
8	8	10	0,025	1005819	76376	
8	10	3	0,005	1005270	13408	
8	10	3	0,010	1006363	23815	
8	10	3	0,015	1007793	28882	
8	10	3	0,020	1008764	34769	
8	10	3	0,025	1009274	40882	
8	10	4	0,005	1005258	12693	
8	10	4	0,010	1006366	24210	
8	10	4	0,015	1007903	29657	
8	10	4	0,020	1009008	35400	
8	10	4	0,025	1009770	41950	
8	10	5	0,005	1005228	11874	
8	10	5	0,010	1006615	24176	
8	10	5	0,015	1008023	29402	
8	10	5	0,020	1009164	35032	
8	10	5	0,025	1009971	42859	
8	10	6	0,005	1005500	12622	
8	10	6	0,010	1006475	23368	
8	10	6	0,015	1007767	28613	
8	10	6	0,020	1009055	34737	
8	10	6	0,025	1009690	41645	
8	10	7	0,005	1005197	11424	
8	10	7	0,010	1006615	23122	
8	10	7	0,015	1007725	28588	
8	10	7	0,020	1008826	33744	
8	10	7	0,025	1009555	41155	
8	10	8	0,005	1005115	10300	
8	10	8	0,010	1006372	21624	
8	10	8	0,015	1007473	27317	
8	10	8	0,020	1008545	32820	
8	10	8	0,025	1009160	39645	
8	10	9	0,005	1005050	10256	
8	10	9	0,010	1006238	21570	
8	10	9	0,015	1007255	27453	
8	10	9	0,020	1008084	32964	
8	10	9	0,025	1008968	39480	
8	10	10	0,005	1005057	9551	
8	10	10	0,010	1006285	21227	
8	10	10	0,015	1007219	26519	
8	10	10	0,020	1008162	32120	
8	10	10	0,025	1008870	38720	
8	16	3	0,005	1005535	4688	
8	16	3	0,010	1006499	7625	
8	16	3	0,015	1008024	9140	
8	16	3	0,020	1010422	10312	
8	16	3	0,025	1011872	11427	
8	16	4	0,005	1005416	4408	
8	16	4	0,010	1006602	7732	
8	16	4	0,015	1008165	9465	
8	16	4	0,020	1010789	10815	
8	16	4	0,025	1012648	11781	
8	16	5	0,005	1005695	4070	
8	16	5	0,010	1006930	7599	
8	16	5	0,015	1008594	9176	
8	16	5	0,020	1010770	10552	
8	16	5	0,025	1012904	11832	
8	16	6	0,005	1005714	4322	
8	16	6	0,010	1007130	7489	
8	16	6	0,015	1008397	9132	
8	16	6	0,020	1010404	10535	
8	16	6	0,025	1012139	11674	
8	16	7	0,005	1005511	3979	
8	16	7	0,010	1007025	7351	
8	16	7	0,015	1008466	9018	
8	16	7	0,020	1010240	10185	
8	16	7	0,025	1012205	11447	
8	16	8	0,005	1005166	3382	
8	16	8	0,010	1006851	6746	
8	16	8	0,015	1008214	8487	
8	16	8	0,020	1010029	9794	
8	16	8	0,025	1011703	11033	
8	16	9	0,005	1005257	3367	
8	16	9	0,010	1006743	6885	
8	16	9	0,015	1007737	8618	
8	16	9	0,020	1009407	9943	
8	16	9	0,025	1010817	11139	
8	16	10	0,005	1005180	3089	
8	16	10	0,010	1006709	6609	
8	16	10	0,015	1008135	8293	
8	16	10	0,020	1009729	9564	
8	16	10	0,025	1011487	10767	
8	20	3	0,005	1005212	1928	
8	20	3	0,010	1006547	4226	
8	20	3	0,015	1007715	5576	
8	20	3	0,020	1008554	6385	
8	20	3	0,025	1008926	6827	
8	20	4	0,005	1005169	1879	
8	20	4	0,010	1006386	4209	
8	20	4	0,015	1007911	5705	
8	20	4	0,020	1009262	6558	
8	20	4	0,025	1009797	7120	
8	20	5	0,005	1005115	1611	
8	20	5	0,010	1006991	4141	
8	20	5	0,015	1008147	5421	
8	20	5	0,020	1009188	6369	
8	20	5	0,025	1010161	7084	
8	20	6	0,005	1005182	1839	
8	20	6	0,010	1006880	4071	
8	20	6	0,015	1008029	5415	
8	20	6	0,020	1009102	6390	
8	20	6	0,025	1009949	7051	
8	20	7	0,005	1005013	1604	
8	20	7	0,010	1006826	3982	
8	20	7	0,015	1007912	5389	
8	20	7	0,020	1008757	6160	
8	20	7	0,025	1009711	6757	
8	20	8	0,005	1004908	1436	
8	20	8	0,010	1006655	3654	
8	20	8	0,015	1008010	5033	
8	20	8	0,020	1009194	5957	
8	20	8	0,025	1009607	6579	
8	20	9	0,005	1004884	1447	
8	20	9	0,010	1006654	3786	
8	20	9	0,015	1007729	5219	
8	20	9	0,020	1008397	5895	
8	20	9	0,025	1009156	6604	
8	20	10	0,005	1004625	1261	
8	20	10	0,010	1006708	3571	
8	20	10	0,015	1007642	4879	
8	20	10	0,020	1008542	5816	
8	20	10	0,025	1009425	6448	
8	40	3	0,005	1004346	297	
8	40	3	0,010	1004024	615	
8	40	3	0,015	1002171	967	
8	40	3	0,020	999979	1266	
8	40	3	0,025	998766	1400	
8	40	4	0,005	1004177	284	
8	40	4	0,010	1004127	624	
8	40	4	0,015	1002379	980	
8	40	4	0,020	1000653	1259	
8	40	4	0,025	999315	1446	
8	40	5	0,005	1004146	259	
8	40	5	0,010	1004230	574	
8	40	5	0,015	1002802	894	
8	40	5	0,020	1001034	1183	
8	40	5	0,025	999796	1390	
8	40	6	0,005	1004237	284	
8	40	6	0,010	1004346	604	
8	40	6	0,015	1003146	898	
8	40	6	0,020	1001569	1226	
8	40	6	0,025	1000290	1389	
8	40	7	0,005	1004262	286	
8	40	7	0,010	1004300	571	
8	40	7	0,015	1003298	864	
8	40	7	0,020	1001942	1100	
8	40	7	0,025	1000543	1336	
8	40	8	0,005	1004071	281	
8	40	8	0,010	1003943	549	
8	40	8	0,015	1003220	789	
8	40	8	0,020	1002210	988	
8	40	8	0,025	1000897	1210	
8	40	9	0,005	1004136	268	
8	40	9	0,010	1004235	479	
8	40	9	0,015	1003536	768	
8	40	9	0,020	1002418	1027	
8	40	9	0,025	1001124	1212	
8	40	10	0,005	1004055	258	
8	40	10	0,010	1004202	473	
8	40	10	0,015	1003455	745	
8	40	10	0,020	1002248	963	
8	40	10	0,025	1001472	1161	
8	80	3	0,005	1003887	129	
8	80	3	0,010	1003666	141	
8	80	3	0,015	1003642	143	
8	80	3	0,020	1003284	158	
8	80	3	0,025	1001979	182	
8	80	4	0,005	1003887	145	
8	80	4	0,010	1003624	156	
8	80	4	0,015	1003624	156	
8	80	4	0,020	1003185	171	
8	80	4	0,025	1002241	188	
8	80	5	0,005	1003887	153	
8	80	5	0,010	1003796	159	
8	80	5	0,015	1003772	163	
8	80	5	0,020	1003227	180	
8	80	5	0,025	1002182	199	
8	80	6	0,005	1003887	156	
8	80	6	0,010	1003796	161	
8	80	6	0,015	1003772	164	
8	80	6	0,020	1003582	169	
8	80	6	0,025	1002400	200	
8	80	7	0,005	1003887	159	
8	80	7	0,010	1003863	165	
8	80	7	0,015	1003863	165	
8	80	7	0,020	1003274	178	
8	80	7	0,025	1002808	192	
8	80	8	0,005	1003887	160	
8	80	8	0,010	1003600	172	
8	80	8	0,015	1003600	172	
8	80	8	0,020	1003161	187	
8	80	8	0,025	1002927	191	
8	80	9	0,005	1003887	162	
8	80	9	0,010	1003796	167	
8	80	9	0,015	1003772	170	
8	80	9	0,020	1003582	179	
8	80	9	0,025	1002926	190	
8	80	10	0,005	1003887	164	
8	80	10	0,010	1003796	169	
8	80	10	0,015	1003772	175	
8	80	10	0,020	1003772	175	
8	80	10	0,025	1002924	194	